64 976
0 4
0 5
0 6
0 8
0 9
0 12
0 13
0 14
0 15
0 16
0 19
0 20
0 22
0 23
0 25
0 28
0 32
0 38
0 39
0 40
0 42
0 43
0 44
0 45
0 49
0 54
0 55
0 60
0 63
1 3
1 5
1 6
1 8
1 10
1 12
1 13
1 16
1 21
1 24
1 26
1 28
1 29
1 32
1 37
1 40
1 41
1 45
1 46
1 47
1 48
1 49
1 51
1 53
1 54
1 55
1 56
1 57
1 59
1 60
1 61
1 63
2 3
2 6
2 7
2 10
2 11
2 12
2 19
2 20
2 22
2 23
2 24
2 25
2 26
2 27
2 28
2 30
2 32
2 36
2 37
2 41
2 44
2 45
2 48
2 50
2 52
2 55
2 56
2 57
3 9
3 10
3 11
3 12
3 13
3 14
3 15
3 17
3 21
3 23
3 29
3 38
3 39
3 40
3 41
3 49
3 50
3 54
3 57
3 58
3 59
3 60
4 5
4 8
4 10
4 13
4 16
4 19
4 20
4 24
4 26
4 27
4 28
4 31
4 32
4 35
4 37
4 41
4 42
4 48
4 49
4 52
4 54
4 55
4 59
4 61
4 62
4 63
5 6
5 7
5 8
5 10
5 11
5 13
5 15
5 16
5 20
5 21
5 23
5 28
5 29
5 32
5 41
5 43
5 44
5 45
5 47
5 48
5 50
5 55
5 56
5 58
5 59
5 60
5 61
5 62
6 7
6 9
6 10
6 11
6 15
6 16
6 17
6 18
6 19
6 21
6 22
6 23
6 24
6 25
6 29
6 30
6 32
6 33
6 41
6 42
6 44
6 45
6 46
6 48
6 49
6 50
6 51
6 52
6 55
6 58
6 59
6 61
6 63
7 8
7 10
7 11
7 12
7 14
7 17
7 19
7 20
7 21
7 24
7 28
7 29
7 32
7 38
7 39
7 43
7 45
7 46
7 50
7 51
7 53
7 54
7 55
7 56
7 57
7 58
7 59
7 62
7 63
8 9
8 10
8 12
8 14
8 15
8 16
8 17
8 20
8 21
8 22
8 25
8 27
8 28
8 30
8 32
8 33
8 35
8 36
8 37
8 38
8 40
8 42
8 43
8 47
8 48
8 50
8 51
8 55
8 56
8 59
8 61
9 11
9 12
9 14
9 15
9 17
9 22
9 23
9 25
9 27
9 28
9 30
9 32
9 33
9 35
9 36
9 37
9 47
9 55
9 56
9 58
9 60
9 61
10 11
10 14
10 16
10 17
10 20
10 24
10 25
10 27
10 28
10 29
10 30
10 32
10 35
10 37
10 38
10 39
10 40
10 41
10 42
10 44
10 47
10 48
10 50
10 51
10 52
10 53
10 54
10 56
10 59
10 61
11 13
11 18
11 19
11 20
11 24
11 26
11 31
11 33
11 34
11 35
11 36
11 37
11 38
11 40
11 41
11 43
11 47
11 48
11 51
11 52
11 54
11 55
11 57
11 61
11 62
11 63
12 13
12 16
12 19
12 20
12 21
12 24
12 25
12 26
12 27
12 28
12 30
12 31
12 34
12 35
12 37
12 39
12 42
12 43
12 44
12 53
12 54
12 55
12 58
13 14
13 15
13 17
13 20
13 22
13 23
13 24
13 25
13 27
13 29
13 30
13 32
13 35
13 38
13 41
13 42
13 43
13 44
13 49
13 52
13 53
13 56
13 57
13 59
13 60
13 61
14 15
14 20
14 25
14 26
14 27
14 28
14 30
14 31
14 33
14 34
14 35
14 36
14 37
14 39
14 40
14 41
14 42
14 45
14 47
14 49
14 51
14 52
14 53
14 57
14 60
14 63
15 17
15 18
15 19
15 22
15 25
15 26
15 28
15 30
15 33
15 34
15 36
15 37
15 38
15 39
15 42
15 44
15 49
15 50
15 54
15 55
15 59
15 63
16 18
16 23
16 25
16 27
16 29
16 30
16 31
16 33
16 36
16 38
16 39
16 42
16 44
16 46
16 48
16 49
16 50
16 51
16 52
16 54
16 56
16 60
16 61
17 19
17 20
17 21
17 22
17 23
17 26
17 30
17 39
17 41
17 42
17 43
17 44
17 52
17 54
17 55
17 60
18 19
18 20
18 22
18 23
18 24
18 27
18 31
18 32
18 34
18 35
18 38
18 39
18 41
18 42
18 45
18 47
18 48
18 50
18 51
18 52
18 53
18 57
18 58
18 60
18 61
18 62
18 63
19 21
19 22
19 25
19 26
19 27
19 28
19 29
19 30
19 31
19 32
19 33
19 34
19 35
19 37
19 41
19 42
19 45
19 46
19 47
19 48
19 50
19 51
19 52
19 53
19 56
19 57
19 60
19 63
20 21
20 22
20 23
20 27
20 30
20 33
20 34
20 36
20 37
20 38
20 40
20 43
20 44
20 45
20 49
20 51
20 52
20 54
20 57
20 58
20 59
20 61
20 63
21 22
21 24
21 31
21 32
21 35
21 36
21 38
21 40
21 41
21 42
21 44
21 48
21 50
21 51
21 52
21 53
21 54
21 56
21 58
21 60
22 23
22 25
22 27
22 31
22 33
22 37
22 40
22 41
22 42
22 44
22 45
22 46
22 47
22 49
22 50
22 52
22 57
22 58
22 59
22 61
22 62
23 27
23 30
23 33
23 34
23 35
23 39
23 40
23 41
23 44
23 45
23 46
23 47
23 49
23 51
23 52
23 54
23 55
23 58
23 59
23 60
24 25
24 26
24 27
24 28
24 31
24 33
24 34
24 39
24 41
24 50
24 51
24 54
24 56
24 57
24 59
24 62
24 63
25 27
25 28
25 31
25 33
25 35
25 37
25 38
25 41
25 43
25 48
25 50
25 54
25 55
25 56
25 60
25 61
25 63
26 27
26 28
26 31
26 32
26 35
26 41
26 43
26 44
26 48
26 50
26 51
26 54
26 55
26 57
26 59
26 60
26 61
26 62
26 63
27 28
27 32
27 34
27 36
27 38
27 39
27 42
27 46
27 47
27 50
27 51
27 52
27 53
27 57
27 60
27 61
27 62
28 31
28 32
28 36
28 37
28 38
28 41
28 43
28 44
28 45
28 46
28 48
28 49
28 52
28 53
28 54
28 55
28 60
28 61
28 62
28 63
29 32
29 37
29 42
29 43
29 44
29 45
29 47
29 49
29 53
29 57
29 58
29 59
29 60
29 61
30 32
30 35
30 36
30 39
30 40
30 46
30 47
30 49
30 51
30 53
30 54
30 55
30 56
30 59
30 61
31 32
31 33
31 34
31 36
31 38
31 39
31 42
31 43
31 45
31 46
31 48
31 49
31 54
31 58
31 60
31 61
31 62
31 63
32 34
32 39
32 40
32 42
32 44
32 46
32 49
32 52
32 53
32 59
32 60
32 61
33 36
33 38
33 39
33 41
33 46
33 48
33 50
33 51
33 53
33 56
33 58
33 59
33 60
33 63
34 36
34 38
34 39
34 44
34 45
34 50
34 53
34 54
34 55
34 57
34 58
34 61
35 36
35 38
35 39
35 42
35 43
35 44
35 46
35 50
35 53
35 54
35 55
35 57
35 58
35 59
35 61
36 37
36 38
36 39
36 40
36 42
36 46
36 47
36 51
36 54
36 56
36 59
36 61
36 62
37 42
37 43
37 46
37 49
37 50
37 51
37 52
37 55
37 56
37 57
37 58
38 40
38 42
38 43
38 45
38 49
38 50
38 52
38 53
38 57
38 58
38 59
38 63
39 45
39 46
39 47
39 49
39 55
39 56
39 57
39 58
39 60
39 63
40 41
40 42
40 44
40 45
40 46
40 48
40 52
40 54
40 55
40 56
40 58
40 60
41 44
41 48
41 49
41 51
41 52
41 56
41 59
42 44
42 50
42 52
42 56
42 57
42 59
42 60
43 45
43 46
43 48
43 57
43 58
43 59
43 63
44 47
44 49
44 53
44 55
44 56
44 58
44 59
44 60
44 61
45 46
45 47
45 50
45 51
45 53
45 54
45 55
45 58
45 59
45 61
45 62
46 47
46 50
46 53
46 55
46 56
46 57
46 58
46 59
46 60
46 62
46 63
47 48
47 51
47 53
47 57
47 58
47 61
47 62
48 54
48 57
48 58
48 59
48 61
48 62
49 50
49 52
49 53
49 56
49 58
49 59
49 60
49 61
50 51
50 52
50 54
50 56
50 59
50 60
50 61
50 63
51 53
51 55
51 56
51 58
51 60
51 62
52 53
52 55
52 56
52 57
52 59
53 54
53 55
53 56
53 57
53 58
53 60
53 61
53 63
54 55
54 59
54 61
54 63
55 56
55 61
55 63
56 57
56 58
56 62
56 63
57 62
58 59
58 63
59 60
59 62
61 63
