64 1031
0 1
0 3
0 4
0 5
0 6
0 7
0 8
0 12
0 14
0 15
0 17
0 18
0 19
0 20
0 21
0 23
0 26
0 31
0 32
0 33
0 35
0 36
0 38
0 45
0 48
0 52
0 55
0 57
0 58
0 59
0 61
1 3
1 4
1 5
1 6
1 7
1 8
1 12
1 13
1 18
1 20
1 24
1 27
1 28
1 34
1 36
1 37
1 39
1 41
1 42
1 44
1 45
1 46
1 47
1 50
1 52
1 53
1 56
1 57
1 58
1 60
1 62
1 63
2 3
2 7
2 8
2 9
2 10
2 13
2 15
2 17
2 19
2 20
2 22
2 25
2 26
2 27
2 28
2 31
2 32
2 33
2 34
2 36
2 37
2 38
2 39
2 42
2 45
2 51
2 52
2 54
2 56
2 59
2 60
3 6
3 7
3 8
3 9
3 12
3 17
3 23
3 25
3 27
3 30
3 33
3 44
3 46
3 47
3 48
3 49
3 60
4 6
4 8
4 9
4 11
4 13
4 16
4 19
4 20
4 21
4 22
4 26
4 27
4 29
4 30
4 31
4 32
4 36
4 37
4 38
4 39
4 40
4 41
4 43
4 44
4 45
4 46
4 47
4 48
4 50
4 51
4 53
4 54
4 61
5 7
5 8
5 12
5 15
5 17
5 18
5 19
5 20
5 22
5 23
5 24
5 26
5 28
5 31
5 32
5 33
5 35
5 38
5 42
5 44
5 46
5 49
5 50
5 52
5 54
5 55
5 59
5 60
5 61
6 8
6 11
6 12
6 14
6 15
6 19
6 23
6 25
6 27
6 34
6 40
6 42
6 46
6 47
6 48
6 55
6 59
6 60
6 61
7 9
7 10
7 11
7 12
7 17
7 19
7 21
7 23
7 27
7 29
7 30
7 31
7 37
7 38
7 40
7 41
7 44
7 45
7 46
7 49
7 51
7 52
7 55
7 59
7 61
8 11
8 15
8 16
8 17
8 18
8 21
8 22
8 23
8 24
8 25
8 26
8 27
8 31
8 32
8 34
8 35
8 36
8 39
8 40
8 49
8 53
8 54
8 55
8 56
8 57
8 59
8 60
8 61
8 62
9 11
9 13
9 16
9 18
9 19
9 22
9 24
9 26
9 33
9 34
9 35
9 37
9 38
9 39
9 40
9 42
9 43
9 49
9 50
9 51
9 55
9 56
9 60
10 11
10 12
10 13
10 14
10 17
10 18
10 21
10 23
10 25
10 27
10 28
10 30
10 32
10 33
10 35
10 37
10 39
10 44
10 45
10 48
10 49
10 50
10 51
10 52
10 55
10 59
10 60
11 12
11 15
11 16
11 18
11 19
11 20
11 21
11 22
11 28
11 30
11 31
11 35
11 38
11 39
11 40
11 41
11 44
11 45
11 46
11 48
11 50
11 51
11 52
11 53
11 56
11 57
11 59
11 61
11 62
11 63
12 14
12 15
12 16
12 17
12 18
12 20
12 22
12 25
12 28
12 29
12 30
12 31
12 34
12 36
12 38
12 40
12 43
12 44
12 45
12 46
12 48
12 49
12 53
12 54
12 56
12 57
12 59
12 60
12 61
12 62
12 63
13 18
13 19
13 22
13 24
13 26
13 27
13 28
13 33
13 36
13 39
13 40
13 41
13 42
13 44
13 45
13 46
13 48
13 50
13 53
13 55
13 57
13 58
13 60
13 61
14 16
14 17
14 21
14 26
14 27
14 29
14 30
14 33
14 38
14 39
14 43
14 44
14 46
14 47
14 49
14 50
14 52
14 53
14 54
14 55
14 58
14 59
14 62
15 18
15 19
15 20
15 21
15 24
15 25
15 26
15 27
15 28
15 29
15 32
15 33
15 34
15 35
15 36
15 37
15 38
15 39
15 41
15 42
15 43
15 44
15 45
15 48
15 51
15 52
15 55
15 57
15 58
15 59
15 62
16 18
16 19
16 20
16 21
16 22
16 24
16 25
16 29
16 31
16 34
16 36
16 38
16 39
16 41
16 44
16 45
16 46
16 48
16 49
16 50
16 51
16 53
16 56
16 57
16 58
16 61
16 62
17 20
17 25
17 27
17 28
17 30
17 32
17 35
17 38
17 39
17 42
17 43
17 45
17 46
17 47
17 48
17 50
17 51
17 54
17 55
17 56
17 57
17 63
18 20
18 22
18 25
18 27
18 29
18 30
18 32
18 33
18 35
18 37
18 38
18 39
18 41
18 42
18 47
18 50
18 52
18 53
18 54
18 57
18 61
18 63
19 20
19 22
19 25
19 27
19 29
19 32
19 35
19 36
19 38
19 39
19 41
19 43
19 44
19 45
19 48
19 50
19 51
19 52
19 56
19 58
19 59
19 61
19 63
20 21
20 22
20 23
20 24
20 25
20 26
20 28
20 29
20 31
20 33
20 34
20 35
20 36
20 38
20 40
20 41
20 44
20 46
20 47
20 49
20 50
20 51
20 52
20 53
20 56
20 57
20 60
20 61
20 62
21 22
21 24
21 25
21 26
21 27
21 28
21 30
21 33
21 38
21 39
21 41
21 43
21 44
21 45
21 46
21 48
21 49
21 51
21 52
21 53
21 54
21 60
21 62
21 63
22 24
22 25
22 26
22 28
22 30
22 32
22 34
22 39
22 40
22 41
22 43
22 44
22 48
22 52
22 53
22 54
22 55
22 56
22 57
22 58
22 59
22 60
22 62
22 63
23 24
23 25
23 31
23 34
23 37
23 39
23 42
23 44
23 46
23 48
23 49
23 52
23 54
23 55
23 57
23 59
23 61
23 62
23 63
24 25
24 26
24 30
24 31
24 33
24 37
24 38
24 40
24 41
24 42
24 46
24 51
24 52
24 53
24 56
24 60
24 61
25 26
25 29
25 30
25 32
25 33
25 34
25 35
25 37
25 45
25 47
25 49
25 50
25 51
25 52
25 55
25 58
25 59
25 60
25 61
25 62
26 27
26 28
26 29
26 31
26 33
26 37
26 38
26 42
26 44
26 48
26 50
26 52
26 54
26 55
26 58
26 62
26 63
27 31
27 32
27 33
27 36
27 37
27 38
27 40
27 43
27 44
27 46
27 48
27 52
27 53
27 54
27 55
27 57
27 59
27 60
27 62
27 63
28 29
28 30
28 31
28 34
28 36
28 37
28 40
28 42
28 44
28 46
28 47
28 48
28 49
28 50
28 51
28 58
28 60
28 61
28 62
29 30
29 32
29 34
29 37
29 39
29 40
29 43
29 44
29 47
29 48
29 50
29 52
29 53
29 54
29 55
29 56
29 58
29 59
29 60
29 62
29 63
30 31
30 33
30 35
30 37
30 40
30 45
30 47
30 48
30 51
30 53
30 55
30 63
31 32
31 33
31 34
31 36
31 37
31 38
31 39
31 41
31 44
31 46
31 47
31 48
31 50
31 54
31 55
31 56
31 57
31 58
31 59
31 60
31 63
32 33
32 35
32 36
32 37
32 38
32 40
32 43
32 44
32 47
32 48
32 51
32 52
32 57
32 58
32 59
32 62
33 36
33 41
33 42
33 43
33 44
33 45
33 46
33 47
33 48
33 50
33 51
33 53
33 60
33 61
33 63
34 36
34 37
34 38
34 39
34 42
34 46
34 47
34 48
34 49
34 50
34 51
34 52
34 53
34 56
34 59
34 61
34 62
34 63
35 36
35 39
35 42
35 46
35 48
35 50
35 51
35 53
35 55
35 57
35 58
35 59
35 60
35 62
36 37
36 42
36 44
36 46
36 52
36 53
36 54
36 56
36 61
36 63
37 38
37 40
37 41
37 43
37 45
37 46
37 47
37 48
37 50
37 52
37 53
37 57
37 58
37 59
37 60
37 63
38 39
38 43
38 45
38 48
38 52
38 54
38 55
38 56
38 59
38 61
38 63
39 40
39 41
39 44
39 46
39 50
39 51
39 52
39 54
39 55
39 56
39 59
39 62
40 42
40 44
40 45
40 48
40 52
40 53
40 55
40 56
40 58
40 59
40 61
41 42
41 43
41 45
41 46
41 49
41 50
41 52
41 54
41 55
41 58
41 61
41 63
42 43
42 44
42 45
42 50
42 52
42 53
42 55
42 57
42 60
42 61
42 62
42 63
43 44
43 45
43 51
43 52
43 53
43 56
43 58
43 59
43 60
43 61
43 62
43 63
44 46
44 47
44 50
44 52
44 53
44 55
44 56
44 57
44 59
44 61
44 63
45 46
45 47
45 48
45 50
45 51
45 60
45 61
46 47
46 48
46 49
46 51
46 52
46 55
46 57
46 58
46 59
46 60
46 61
47 48
47 50
47 53
47 56
47 61
47 62
47 63
48 49
48 50
48 51
48 54
48 57
48 60
49 53
49 54
49 56
49 57
49 58
49 59
49 60
49 63
50 51
50 52
50 54
50 56
50 59
50 60
50 61
50 63
51 52
51 53
51 58
51 59
51 60
51 61
51 62
51 63
52 56
52 57
52 59
52 61
52 62
52 63
53 56
53 59
53 63
54 61
54 62
54 63
55 56
55 59
55 60
55 61
55 62
56 58
56 59
56 60
56 63
57 58
57 59
57 60
57 62
57 63
58 61
59 61
59 62
60 61
60 62
61 62
61 63
62 63
