64 1028
0 5
0 6
0 8
0 10
0 11
0 12
0 13
0 16
0 20
0 21
0 23
0 24
0 26
0 28
0 29
0 30
0 31
0 33
0 34
0 36
0 37
0 38
0 39
0 41
0 42
0 43
0 44
0 51
0 52
0 54
0 58
0 60
0 61
0 62
1 3
1 4
1 6
1 8
1 10
1 12
1 13
1 14
1 17
1 18
1 19
1 20
1 21
1 24
1 25
1 26
1 27
1 28
1 31
1 33
1 35
1 37
1 42
1 43
1 45
1 46
1 47
1 49
1 51
1 53
1 55
1 56
1 57
1 60
1 63
2 4
2 6
2 8
2 10
2 11
2 12
2 13
2 14
2 15
2 17
2 22
2 23
2 24
2 27
2 29
2 30
2 32
2 33
2 34
2 35
2 36
2 39
2 40
2 41
2 42
2 43
2 45
2 46
2 50
2 52
2 55
2 61
2 62
2 63
3 4
3 5
3 7
3 10
3 11
3 14
3 17
3 18
3 19
3 20
3 22
3 23
3 29
3 30
3 33
3 35
3 36
3 37
3 38
3 39
3 41
3 42
3 44
3 45
3 47
3 51
3 52
3 53
3 58
3 59
3 60
4 5
4 8
4 10
4 12
4 13
4 14
4 16
4 20
4 22
4 24
4 25
4 34
4 36
4 40
4 42
4 43
4 46
4 47
4 48
4 49
4 50
4 54
4 56
4 57
4 59
4 60
4 61
4 63
5 6
5 7
5 9
5 10
5 11
5 12
5 16
5 17
5 19
5 20
5 21
5 22
5 24
5 27
5 29
5 32
5 33
5 34
5 36
5 37
5 39
5 42
5 43
5 46
5 47
5 48
5 49
5 53
5 56
5 57
5 58
5 60
5 61
5 62
5 63
6 7
6 10
6 12
6 13
6 14
6 15
6 18
6 21
6 24
6 30
6 31
6 34
6 37
6 38
6 39
6 41
6 45
6 46
6 47
6 50
6 51
6 54
6 58
6 61
7 8
7 9
7 10
7 12
7 13
7 16
7 18
7 21
7 23
7 24
7 26
7 28
7 30
7 31
7 36
7 40
7 42
7 44
7 45
7 46
7 49
7 50
7 51
7 53
7 55
7 59
7 63
8 9
8 10
8 15
8 20
8 21
8 24
8 26
8 30
8 31
8 32
8 34
8 38
8 39
8 40
8 41
8 42
8 43
8 44
8 48
8 52
8 53
8 55
8 57
8 58
8 61
8 62
8 63
9 15
9 16
9 19
9 20
9 21
9 27
9 28
9 29
9 30
9 31
9 37
9 39
9 40
9 41
9 42
9 45
9 46
9 53
9 54
9 57
9 58
9 60
9 62
10 12
10 14
10 23
10 29
10 30
10 33
10 35
10 37
10 38
10 40
10 42
10 44
10 45
10 47
10 48
10 52
10 53
10 56
10 59
10 60
10 61
10 63
11 15
11 17
11 18
11 22
11 24
11 27
11 28
11 31
11 32
11 34
11 35
11 36
11 37
11 39
11 40
11 42
11 43
11 44
11 49
11 53
11 54
11 55
11 57
11 58
11 60
11 62
11 63
12 15
12 17
12 18
12 22
12 23
12 28
12 38
12 39
12 40
12 42
12 43
12 45
12 46
12 48
12 49
12 50
12 55
12 58
12 59
12 62
13 14
13 15
13 16
13 17
13 20
13 22
13 23
13 24
13 27
13 28
13 29
13 32
13 35
13 36
13 41
13 44
13 45
13 47
13 49
13 51
13 52
13 53
13 55
13 57
13 58
13 60
13 62
13 63
14 15
14 16
14 18
14 21
14 24
14 26
14 28
14 31
14 34
14 35
14 36
14 37
14 38
14 39
14 42
14 44
14 45
14 50
14 51
14 52
14 54
14 55
14 56
14 58
14 59
14 60
14 62
15 18
15 19
15 21
15 22
15 23
15 26
15 32
15 33
15 34
15 36
15 40
15 42
15 43
15 44
15 45
15 46
15 49
15 50
15 52
15 55
15 57
15 58
15 59
15 61
16 17
16 18
16 19
16 23
16 25
16 27
16 29
16 32
16 34
16 36
16 38
16 42
16 43
16 44
16 45
16 46
16 49
16 51
16 52
16 53
16 54
16 55
16 56
16 57
16 59
16 61
16 62
16 63
17 18
17 19
17 22
17 24
17 25
17 26
17 28
17 29
17 30
17 34
17 36
17 39
17 40
17 41
17 42
17 43
17 52
17 55
17 56
17 58
17 59
18 19
18 21
18 24
18 25
18 27
18 31
18 34
18 35
18 36
18 40
18 42
18 45
18 46
18 47
18 52
18 53
18 54
18 56
18 57
18 58
18 60
18 61
18 62
19 22
19 23
19 24
19 25
19 27
19 28
19 31
19 32
19 34
19 36
19 39
19 40
19 41
19 46
19 47
19 49
19 52
19 54
19 56
19 57
19 59
19 60
19 61
19 62
19 63
20 22
20 23
20 24
20 25
20 31
20 32
20 36
20 37
20 40
20 45
20 46
20 48
20 49
20 50
20 51
20 52
20 53
20 55
20 56
20 57
20 58
20 59
20 61
20 62
20 63
21 22
21 27
21 28
21 29
21 33
21 34
21 37
21 39
21 41
21 42
21 43
21 44
21 47
21 48
21 49
21 51
21 52
21 53
21 54
21 56
21 59
21 61
22 24
22 25
22 28
22 30
22 31
22 32
22 35
22 37
22 38
22 39
22 40
22 41
22 42
22 43
22 44
22 45
22 46
22 48
22 50
22 54
22 58
22 59
22 61
22 63
23 26
23 30
23 31
23 32
23 35
23 36
23 37
23 38
23 40
23 41
23 42
23 43
23 45
23 49
23 51
23 53
23 55
23 56
23 57
23 58
23 60
23 63
24 26
24 28
24 29
24 31
24 32
24 33
24 35
24 36
24 37
24 39
24 40
24 41
24 42
24 46
24 48
24 50
24 51
24 52
24 53
24 57
24 61
24 62
25 26
25 27
25 28
25 29
25 32
25 33
25 34
25 35
25 37
25 40
25 41
25 42
25 43
25 44
25 47
25 48
25 49
25 50
25 53
25 54
25 56
25 57
25 59
25 61
26 27
26 28
26 32
26 35
26 36
26 41
26 43
26 46
26 47
26 49
26 53
26 54
26 57
26 58
26 59
26 62
27 29
27 31
27 35
27 36
27 38
27 41
27 43
27 44
27 46
27 47
27 50
27 53
27 55
27 58
27 59
27 60
27 61
28 29
28 30
28 31
28 36
28 38
28 40
28 42
28 44
28 45
28 53
28 54
28 55
28 57
28 59
28 60
28 61
29 30
29 32
29 34
29 36
29 40
29 43
29 46
29 47
29 49
29 50
29 51
29 54
29 59
29 60
29 63
30 32
30 33
30 34
30 35
30 36
30 41
30 43
30 46
30 50
30 52
30 53
30 57
30 58
30 59
30 63
31 32
31 34
31 35
31 36
31 37
31 40
31 45
31 47
31 48
31 50
31 52
31 55
31 57
31 58
31 60
31 62
31 63
32 33
32 34
32 37
32 39
32 42
32 44
32 45
32 49
32 52
32 56
32 57
32 58
32 59
32 60
32 61
32 63
33 34
33 35
33 37
33 38
33 39
33 43
33 44
33 46
33 47
33 48
33 50
33 51
33 52
33 53
33 55
33 56
33 57
33 59
33 60
34 35
34 36
34 39
34 40
34 41
34 43
34 46
34 47
34 48
34 49
34 50
34 53
34 55
34 57
34 60
34 61
34 63
35 36
35 39
35 40
35 42
35 43
35 47
35 48
35 50
35 56
35 57
35 58
35 60
35 63
36 38
36 39
36 40
36 42
36 43
36 45
36 46
36 48
36 50
36 51
36 52
36 55
36 56
36 57
36 61
36 62
37 40
37 41
37 44
37 45
37 47
37 49
37 50
37 54
37 58
37 59
37 61
37 62
38 39
38 42
38 47
38 51
38 53
38 55
38 56
38 57
38 63
39 41
39 44
39 48
39 49
39 54
39 55
39 56
39 57
39 61
40 41
40 42
40 44
40 45
40 48
40 50
40 52
40 55
40 57
40 63
41 43
41 45
41 52
41 53
41 54
41 58
41 61
41 63
42 43
42 44
42 45
42 47
42 48
42 49
42 50
42 51
42 52
42 54
42 56
42 58
42 59
42 60
42 62
43 44
43 45
43 47
43 50
43 51
43 52
43 54
43 57
43 58
43 60
43 62
43 63
44 48
44 49
44 50
44 51
44 52
44 54
44 59
44 61
44 62
44 63
45 47
45 52
45 53
45 54
45 56
45 58
45 59
45 60
45 62
45 63
46 47
46 48
46 49
46 51
46 52
46 53
46 54
46 56
46 57
46 59
46 60
46 63
47 48
47 49
47 50
47 51
47 52
47 54
47 55
47 57
47 58
47 59
47 60
47 61
47 62
47 63
48 49
48 52
48 55
48 59
48 61
49 54
49 55
49 57
50 53
50 58
50 59
50 60
50 62
50 63
51 52
51 56
51 58
51 59
51 60
51 61
52 54
52 55
52 56
52 57
52 58
52 61
52 62
52 63
53 54
53 55
53 58
54 59
54 61
55 57
55 59
55 60
55 61
55 63
56 59
56 60
56 63
57 59
57 61
58 59
58 63
60 61
61 63
62 63
