64 1012
0 1
0 3
0 5
0 6
0 7
0 9
0 10
0 11
0 14
0 16
0 17
0 19
0 20
0 21
0 22
0 24
0 26
0 28
0 30
0 31
0 33
0 36
0 38
0 42
0 44
0 48
0 50
0 52
0 53
0 55
0 56
0 58
0 60
0 61
1 2
1 3
1 5
1 6
1 7
1 8
1 10
1 11
1 12
1 14
1 16
1 19
1 20
1 22
1 25
1 28
1 30
1 31
1 34
1 35
1 36
1 37
1 38
1 41
1 42
1 43
1 45
1 47
1 48
1 50
1 52
1 54
1 56
1 57
1 58
1 61
2 5
2 6
2 10
2 12
2 13
2 14
2 15
2 16
2 17
2 18
2 19
2 20
2 21
2 23
2 24
2 25
2 28
2 31
2 33
2 35
2 36
2 37
2 38
2 41
2 43
2 45
2 47
2 49
2 50
2 51
2 52
2 53
2 54
2 55
2 56
2 58
2 61
2 62
2 63
3 5
3 7
3 10
3 13
3 14
3 17
3 19
3 20
3 21
3 23
3 24
3 25
3 27
3 28
3 30
3 31
3 36
3 40
3 44
3 46
3 56
3 59
3 60
3 61
3 63
4 5
4 10
4 11
4 12
4 13
4 15
4 17
4 18
4 20
4 22
4 24
4 25
4 28
4 29
4 31
4 34
4 35
4 36
4 37
4 39
4 43
4 44
4 45
4 46
4 48
4 50
4 51
4 52
4 54
4 55
4 59
4 60
4 61
4 63
5 6
5 8
5 9
5 11
5 14
5 16
5 19
5 20
5 21
5 23
5 24
5 25
5 26
5 31
5 33
5 34
5 35
5 37
5 40
5 43
5 45
5 47
5 50
5 52
5 54
5 55
5 56
5 57
5 61
5 62
5 63
6 7
6 8
6 12
6 14
6 17
6 18
6 19
6 20
6 23
6 25
6 27
6 28
6 29
6 31
6 37
6 38
6 40
6 48
6 49
6 55
6 56
6 59
6 60
6 62
6 63
7 11
7 12
7 19
7 23
7 24
7 25
7 29
7 31
7 34
7 35
7 37
7 39
7 40
7 41
7 47
7 48
7 51
7 53
7 55
7 59
8 9
8 10
8 11
8 12
8 14
8 16
8 17
8 18
8 19
8 20
8 22
8 25
8 26
8 32
8 33
8 35
8 36
8 37
8 38
8 43
8 47
8 49
8 50
8 52
8 54
8 58
8 60
9 12
9 16
9 17
9 18
9 20
9 21
9 22
9 29
9 31
9 32
9 33
9 34
9 38
9 39
9 41
9 43
9 45
9 48
9 49
9 50
9 51
9 52
9 55
9 58
9 59
9 63
10 11
10 12
10 15
10 16
10 17
10 20
10 21
10 23
10 25
10 26
10 27
10 29
10 32
10 33
10 34
10 37
10 38
10 39
10 49
10 50
10 52
10 53
10 56
10 57
10 58
10 59
11 12
11 13
11 16
11 17
11 19
11 20
11 21
11 23
11 27
11 31
11 33
11 34
11 36
11 40
11 42
11 43
11 44
11 45
11 46
11 49
11 57
11 60
11 61
11 63
12 13
12 14
12 15
12 19
12 21
12 22
12 25
12 26
12 27
12 31
12 33
12 34
12 36
12 37
12 41
12 43
12 44
12 45
12 46
12 49
12 50
12 53
12 55
12 60
12 62
12 63
13 14
13 18
13 21
13 22
13 23
13 24
13 26
13 27
13 28
13 29
13 31
13 33
13 34
13 37
13 39
13 44
13 45
13 46
13 52
13 53
13 54
13 56
13 57
13 60
13 63
14 16
14 21
14 22
14 25
14 26
14 27
14 28
14 30
14 31
14 32
14 34
14 37
14 38
14 41
14 42
14 44
14 46
14 50
14 51
14 52
14 53
14 55
14 56
14 58
14 59
14 61
14 63
15 16
15 17
15 21
15 22
15 24
15 26
15 30
15 31
15 34
15 37
15 39
15 41
15 42
15 43
15 46
15 47
15 56
15 57
15 59
15 62
16 17
16 27
16 29
16 31
16 34
16 37
16 38
16 40
16 41
16 42
16 43
16 45
16 49
16 50
16 52
16 54
16 56
16 57
16 58
16 59
16 62
17 25
17 28
17 31
17 32
17 33
17 34
17 37
17 38
17 40
17 42
17 43
17 52
17 54
17 55
17 56
17 57
17 59
17 60
17 62
18 19
18 23
18 26
18 29
18 31
18 33
18 35
18 43
18 45
18 46
18 48
18 49
18 50
18 51
18 58
18 59
18 63
19 21
19 23
19 27
19 30
19 34
19 35
19 37
19 39
19 43
19 44
19 46
19 49
19 50
19 52
19 53
19 56
19 57
19 59
19 60
20 22
20 23
20 24
20 25
20 26
20 27
20 31
20 32
20 35
20 36
20 37
20 39
20 40
20 42
20 43
20 46
20 50
20 51
20 52
20 53
20 56
20 59
21 22
21 23
21 24
21 25
21 26
21 31
21 32
21 33
21 37
21 38
21 39
21 40
21 41
21 42
21 43
21 45
21 47
21 48
21 49
21 51
21 52
21 54
21 55
21 56
21 57
21 59
21 60
21 61
21 62
21 63
22 25
22 30
22 33
22 40
22 42
22 45
22 46
22 47
22 48
22 49
22 50
22 51
22 52
22 53
22 54
22 55
22 56
22 57
22 59
22 61
22 62
23 25
23 26
23 30
23 33
23 34
23 35
23 39
23 40
23 45
23 46
23 54
23 56
23 57
23 58
23 59
23 60
23 62
24 26
24 27
24 29
24 31
24 34
24 35
24 37
24 38
24 40
24 42
24 51
24 52
24 53
24 55
24 59
24 60
24 61
25 26
25 28
25 29
25 31
25 32
25 33
25 34
25 39
25 41
25 42
25 44
25 48
25 49
25 58
25 62
25 63
26 28
26 29
26 32
26 33
26 34
26 35
26 39
26 40
26 41
26 42
26 43
26 44
26 47
26 48
26 50
26 51
26 54
26 55
26 57
26 58
26 59
26 62
26 63
27 28
27 31
27 32
27 33
27 35
27 37
27 39
27 40
27 41
27 42
27 43
27 45
27 46
27 48
27 50
27 51
27 53
27 56
27 57
27 58
27 61
27 62
27 63
28 30
28 31
28 35
28 36
28 38
28 41
28 44
28 46
28 47
28 51
28 52
28 53
28 54
28 60
28 61
28 62
28 63
29 31
29 32
29 33
29 34
29 35
29 36
29 37
29 39
29 40
29 42
29 43
29 44
29 48
29 49
29 53
29 54
29 56
29 60
29 61
29 63
30 31
30 32
30 33
30 34
30 35
30 36
30 38
30 39
30 40
30 44
30 45
30 46
30 47
30 48
30 49
30 51
30 52
30 55
30 58
30 63
31 32
31 33
31 35
31 37
31 39
31 40
31 41
31 46
31 47
31 50
31 52
31 53
31 55
31 58
32 39
32 41
32 44
32 45
32 46
32 50
32 53
32 55
32 56
32 59
32 61
32 62
33 34
33 36
33 38
33 39
33 42
33 44
33 47
33 48
33 49
33 50
33 51
33 52
33 57
33 58
33 59
33 60
33 61
34 38
34 40
34 41
34 42
34 43
34 47
34 48
34 49
34 50
34 53
34 54
34 58
34 61
34 62
34 63
35 37
35 38
35 39
35 40
35 41
35 43
35 45
35 46
35 48
35 49
35 51
35 52
35 54
35 57
35 58
35 59
35 60
36 37
36 39
36 40
36 41
36 42
36 45
36 46
36 50
36 54
36 55
36 58
36 59
36 60
37 38
37 39
37 40
37 41
37 42
37 43
37 44
37 45
37 46
37 47
37 48
37 51
37 52
37 53
37 57
37 58
37 61
37 62
37 63
38 40
38 43
38 44
38 47
38 49
38 52
38 53
38 55
38 56
38 58
38 60
38 62
39 43
39 46
39 47
39 48
39 49
39 50
39 51
39 54
39 55
39 56
39 58
39 60
39 61
39 62
39 63
40 42
40 48
40 49
40 50
40 54
40 55
40 56
40 58
40 60
41 42
41 43
41 45
41 47
41 52
41 55
41 58
41 59
41 60
41 62
42 49
42 50
42 53
42 54
42 56
42 57
42 58
42 60
43 49
43 51
43 52
43 54
43 55
43 58
43 59
43 61
43 62
44 45
44 46
44 47
44 52
44 53
44 54
44 56
44 58
44 60
44 61
44 62
44 63
45 51
45 52
45 57
45 59
45 61
45 63
46 47
46 48
46 50
46 51
46 53
46 57
46 58
46 60
46 61
46 63
47 50
47 55
47 56
47 57
47 58
47 62
47 63
48 50
48 51
48 52
48 54
48 57
48 58
48 61
48 63
49 51
49 53
49 54
49 55
49 56
49 62
49 63
50 52
50 53
50 56
50 60
50 63
51 53
51 57
51 59
51 60
51 62
52 56
52 57
52 59
52 61
52 62
52 63
53 54
53 56
53 57
53 58
53 60
54 56
54 59
54 61
54 62
55 56
55 58
55 61
55 62
55 63
56 57
56 58
56 59
56 61
56 62
56 63
57 61
58 63
59 61
59 63
60 62
60 63
61 62
61 63
62 63
