64 978
0 1
0 2
0 7
0 10
0 11
0 13
0 14
0 15
0 19
0 22
0 23
0 24
0 25
0 26
0 28
0 30
0 31
0 32
0 34
0 38
0 41
0 44
0 46
0 47
0 48
0 50
0 52
0 53
0 54
0 55
0 56
0 58
1 2
1 3
1 4
1 5
1 6
1 7
1 8
1 10
1 11
1 12
1 13
1 14
1 17
1 18
1 21
1 22
1 25
1 27
1 28
1 29
1 32
1 36
1 40
1 41
1 45
1 46
1 52
1 53
1 54
1 56
1 57
1 59
1 60
1 61
1 62
2 3
2 7
2 8
2 9
2 11
2 13
2 14
2 17
2 18
2 19
2 21
2 24
2 25
2 28
2 30
2 32
2 35
2 43
2 45
2 49
2 50
2 51
2 53
2 58
2 59
2 60
2 61
2 62
2 63
3 4
3 5
3 7
3 8
3 9
3 10
3 15
3 16
3 17
3 20
3 22
3 23
3 26
3 28
3 29
3 32
3 33
3 34
3 35
3 38
3 39
3 40
3 46
3 49
3 50
3 52
3 53
3 54
3 56
3 57
3 58
3 59
3 60
3 63
4 5
4 6
4 9
4 11
4 13
4 17
4 18
4 20
4 21
4 24
4 26
4 32
4 35
4 37
4 39
4 41
4 44
4 45
4 47
4 49
4 50
4 52
4 55
4 60
4 61
4 62
5 6
5 7
5 8
5 9
5 10
5 11
5 14
5 20
5 21
5 23
5 34
5 35
5 36
5 38
5 39
5 40
5 41
5 45
5 46
5 47
5 49
5 51
5 52
5 55
5 57
5 58
5 60
5 61
5 62
6 8
6 9
6 10
6 11
6 13
6 15
6 16
6 19
6 20
6 22
6 23
6 24
6 25
6 30
6 31
6 35
6 36
6 40
6 41
6 42
6 44
6 46
6 56
6 57
6 58
6 62
7 10
7 13
7 14
7 16
7 17
7 18
7 19
7 21
7 23
7 25
7 26
7 29
7 31
7 35
7 36
7 37
7 38
7 39
7 41
7 46
7 47
7 48
7 50
7 52
7 53
7 54
7 56
7 57
7 59
7 62
8 15
8 18
8 19
8 21
8 22
8 23
8 24
8 27
8 29
8 30
8 33
8 38
8 40
8 42
8 43
8 45
8 49
8 50
8 51
8 53
8 54
9 10
9 12
9 14
9 18
9 20
9 22
9 24
9 26
9 27
9 28
9 31
9 33
9 34
9 36
9 37
9 41
9 42
9 45
9 46
9 47
9 48
9 49
9 52
9 56
9 59
9 61
10 13
10 16
10 19
10 22
10 24
10 26
10 27
10 28
10 30
10 31
10 32
10 34
10 36
10 37
10 41
10 43
10 46
10 50
10 51
10 53
10 54
10 57
10 60
10 62
11 13
11 14
11 15
11 16
11 17
11 19
11 21
11 24
11 25
11 28
11 30
11 31
11 32
11 35
11 37
11 38
11 39
11 41
11 44
11 45
11 47
11 48
11 49
11 50
11 55
11 56
11 57
11 59
11 60
11 61
11 62
12 15
12 16
12 17
12 19
12 20
12 23
12 24
12 25
12 27
12 29
12 31
12 33
12 34
12 36
12 37
12 39
12 40
12 42
12 43
12 44
12 49
12 50
12 55
12 58
13 15
13 16
13 18
13 19
13 21
13 22
13 23
13 25
13 30
13 33
13 34
13 36
13 37
13 39
13 40
13 43
13 45
13 47
13 48
13 52
13 53
13 54
13 56
13 60
13 61
14 15
14 17
14 18
14 20
14 21
14 24
14 25
14 26
14 30
14 31
14 34
14 35
14 36
14 37
14 43
14 44
14 46
14 47
14 48
14 49
14 50
14 51
14 52
14 54
14 57
14 58
14 59
14 60
15 17
15 19
15 20
15 23
15 25
15 27
15 29
15 30
15 32
15 33
15 34
15 38
15 39
15 43
15 45
15 46
15 47
15 52
15 53
15 54
15 57
15 58
16 18
16 22
16 24
16 25
16 27
16 30
16 31
16 32
16 34
16 36
16 40
16 42
16 43
16 45
16 46
16 47
16 50
16 52
16 53
16 54
16 55
16 56
16 57
16 58
16 59
16 62
17 20
17 21
17 23
17 27
17 30
17 34
17 36
17 38
17 40
17 44
17 45
17 46
17 49
17 50
17 51
17 53
17 57
17 58
17 60
17 63
18 22
18 24
18 27
18 28
18 37
18 38
18 41
18 42
18 45
18 48
18 50
18 51
18 53
18 54
18 57
18 61
19 20
19 22
19 23
19 29
19 30
19 33
19 37
19 38
19 43
19 45
19 50
19 52
19 53
19 54
19 55
19 56
19 58
19 63
20 23
20 25
20 26
20 27
20 28
20 33
20 34
20 35
20 36
20 38
20 42
20 43
20 45
20 46
20 48
20 49
20 51
20 56
20 57
20 60
20 63
21 22
21 27
21 28
21 29
21 34
21 35
21 39
21 40
21 43
21 46
21 47
21 49
21 50
21 54
21 55
21 56
21 58
21 59
22 23
22 24
22 26
22 29
22 30
22 31
22 32
22 34
22 35
22 37
22 39
22 41
22 42
22 46
22 49
22 50
22 52
22 56
22 58
22 59
22 60
23 26
23 29
23 31
23 32
23 33
23 34
23 35
23 36
23 39
23 43
23 44
23 51
23 52
23 53
23 57
23 58
23 59
23 60
24 25
24 26
24 27
24 31
24 32
24 34
24 36
24 39
24 41
24 43
24 44
24 45
24 50
24 52
24 54
24 56
24 60
25 26
25 27
25 28
25 29
25 30
25 31
25 35
25 37
25 41
25 45
25 46
25 48
25 49
25 51
25 52
25 53
25 55
25 61
26 29
26 30
26 35
26 37
26 39
26 42
26 44
26 45
26 48
26 50
26 54
26 55
26 57
26 59
26 61
26 63
27 28
27 31
27 34
27 35
27 42
27 43
27 45
27 47
27 48
27 50
27 52
27 55
27 56
28 29
28 33
28 34
28 38
28 40
28 42
28 43
28 46
28 47
28 48
28 50
28 52
28 55
28 56
29 32
29 34
29 35
29 36
29 37
29 38
29 39
29 41
29 43
29 45
29 46
29 49
29 51
29 52
29 54
29 56
29 57
29 59
29 60
29 61
29 63
30 34
30 36
30 38
30 39
30 42
30 43
30 44
30 45
30 46
30 47
30 48
30 49
30 55
30 56
30 57
30 60
30 62
30 63
31 32
31 35
31 37
31 41
31 42
31 43
31 47
31 48
31 54
31 55
31 60
31 61
31 62
31 63
32 33
32 34
32 35
32 36
32 38
32 39
32 46
32 47
32 50
32 51
32 52
32 55
32 56
32 57
32 60
32 62
33 34
33 35
33 36
33 37
33 44
33 46
33 47
33 48
33 50
33 54
33 58
33 59
34 35
34 37
34 38
34 39
34 41
34 45
34 46
34 48
34 50
34 52
34 55
34 57
34 58
34 60
34 61
34 62
34 63
35 36
35 37
35 38
35 39
35 41
35 42
35 44
35 45
35 48
35 51
35 52
35 57
35 61
35 62
36 37
36 38
36 41
36 44
36 45
36 46
36 47
36 52
36 53
36 61
36 63
37 39
37 40
37 41
37 43
37 47
37 54
37 56
37 60
37 61
38 45
38 48
38 52
38 55
38 56
38 61
39 41
39 44
39 45
39 46
39 47
39 49
39 52
39 54
39 57
39 58
39 59
39 61
40 41
40 43
40 46
40 52
40 53
40 54
40 55
40 56
40 58
40 62
40 63
41 43
41 44
41 45
41 46
41 47
41 50
41 56
41 62
42 45
42 46
42 47
42 48
42 50
42 53
42 56
42 57
42 58
42 60
42 61
42 62
42 63
43 45
43 48
43 49
43 51
43 52
43 54
43 55
43 56
43 58
43 59
43 60
43 61
43 62
43 63
44 45
44 46
44 48
44 51
44 52
44 53
44 54
44 55
44 58
44 59
44 60
44 63
45 47
45 48
45 49
45 50
45 51
45 52
45 53
45 54
45 56
45 57
45 58
45 62
45 63
46 47
46 48
46 50
46 59
46 61
46 62
47 48
47 49
47 50
47 52
47 54
47 55
47 59
47 60
47 62
48 49
48 50
48 53
48 54
48 55
48 58
48 59
48 60
48 61
49 50
49 52
49 54
49 55
49 56
49 58
49 59
49 60
49 61
49 62
50 52
50 54
50 56
50 58
50 59
50 61
51 52
51 53
51 54
51 55
51 57
51 58
51 63
52 57
52 58
52 61
52 62
53 54
53 55
53 56
53 57
53 58
53 59
53 60
53 63
54 55
54 56
54 60
55 56
55 58
55 60
55 61
55 62
56 57
56 61
57 59
57 61
58 60
58 61
58 63
59 60
59 61
59 63
60 62
60 63
