64 982
0 4
0 12
0 13
0 15
0 18
0 20
0 26
0 27
0 28
0 29
0 30
0 34
0 36
0 37
0 40
0 44
0 45
0 53
0 54
0 55
0 57
0 58
0 59
0 61
0 63
1 2
1 3
1 8
1 12
1 13
1 16
1 18
1 19
1 20
1 22
1 23
1 30
1 34
1 36
1 40
1 43
1 46
1 50
1 54
1 56
1 58
1 59
1 61
1 62
1 63
2 5
2 9
2 10
2 12
2 13
2 14
2 17
2 18
2 19
2 20
2 24
2 25
2 26
2 27
2 28
2 29
2 31
2 32
2 33
2 37
2 38
2 40
2 41
2 42
2 44
2 50
2 51
2 52
2 53
2 55
2 56
2 58
2 59
2 60
2 62
3 5
3 7
3 8
3 9
3 12
3 14
3 16
3 20
3 21
3 24
3 25
3 26
3 27
3 30
3 36
3 38
3 39
3 42
3 43
3 45
3 47
3 49
3 52
3 53
3 54
3 57
3 59
3 63
4 5
4 6
4 7
4 12
4 13
4 14
4 15
4 16
4 20
4 22
4 23
4 24
4 26
4 27
4 28
4 29
4 31
4 32
4 33
4 34
4 35
4 36
4 37
4 40
4 41
4 42
4 47
4 49
4 50
4 51
4 52
4 55
4 56
4 57
4 58
4 59
4 60
4 61
4 62
4 63
5 7
5 12
5 13
5 14
5 16
5 19
5 20
5 21
5 23
5 29
5 33
5 35
5 36
5 45
5 46
5 47
5 49
5 50
5 51
5 52
5 56
5 57
5 58
5 59
5 60
5 62
6 7
6 8
6 9
6 10
6 13
6 14
6 15
6 17
6 18
6 19
6 23
6 26
6 27
6 29
6 30
6 31
6 32
6 36
6 38
6 42
6 43
6 44
6 45
6 47
6 49
6 50
6 51
6 53
6 60
6 61
7 8
7 10
7 11
7 12
7 13
7 14
7 15
7 16
7 18
7 19
7 21
7 22
7 23
7 24
7 25
7 26
7 31
7 35
7 36
7 39
7 41
7 43
7 44
7 45
7 46
7 47
7 52
7 55
7 57
7 60
7 61
7 63
8 13
8 14
8 15
8 16
8 17
8 18
8 21
8 22
8 25
8 27
8 28
8 30
8 31
8 33
8 37
8 39
8 42
8 43
8 46
8 47
8 48
8 52
8 54
8 58
8 59
8 60
8 61
8 63
9 10
9 11
9 12
9 13
9 18
9 21
9 23
9 24
9 30
9 32
9 36
9 41
9 42
9 44
9 45
9 51
9 57
9 58
9 59
9 60
9 62
9 63
10 12
10 19
10 20
10 23
10 28
10 30
10 31
10 33
10 34
10 37
10 39
10 44
10 45
10 48
10 50
10 52
10 54
10 56
10 57
10 58
10 59
10 61
10 62
10 63
11 12
11 17
11 19
11 20
11 24
11 25
11 27
11 28
11 30
11 31
11 33
11 38
11 40
11 41
11 42
11 44
11 47
11 49
11 50
11 56
11 57
12 14
12 15
12 17
12 23
12 27
12 33
12 34
12 36
12 37
12 40
12 42
12 44
12 45
12 46
12 47
12 48
12 49
12 50
12 51
12 52
12 53
12 55
12 60
13 15
13 20
13 21
13 23
13 24
13 25
13 26
13 31
13 32
13 36
13 37
13 38
13 40
13 41
13 42
13 46
13 51
13 54
13 56
13 58
13 59
13 61
13 62
14 15
14 22
14 24
14 25
14 26
14 27
14 28
14 31
14 33
14 34
14 35
14 36
14 37
14 38
14 39
14 41
14 44
14 48
14 49
14 50
14 51
14 53
14 57
14 59
14 60
14 62
14 63
15 18
15 19
15 20
15 21
15 23
15 24
15 25
15 28
15 29
15 35
15 36
15 37
15 40
15 41
15 43
15 44
15 45
15 48
15 52
15 55
15 56
15 57
15 60
15 61
15 62
16 17
16 20
16 21
16 22
16 25
16 26
16 28
16 29
16 31
16 33
16 36
16 38
16 39
16 47
16 51
16 54
16 55
16 59
16 63
17 19
17 20
17 22
17 24
17 26
17 36
17 40
17 42
17 44
17 47
17 51
17 52
17 53
17 55
17 58
17 59
17 60
17 61
18 21
18 22
18 23
18 24
18 26
18 30
18 31
18 33
18 34
18 40
18 42
18 44
18 48
18 49
18 51
18 53
18 55
18 57
18 63
19 21
19 22
19 23
19 26
19 29
19 30
19 31
19 34
19 35
19 37
19 38
19 39
19 42
19 43
19 44
19 46
19 47
19 48
19 49
19 50
19 51
19 52
19 53
19 54
19 55
19 61
19 62
20 22
20 24
20 26
20 27
20 33
20 35
20 36
20 38
20 40
20 41
20 42
20 45
20 46
20 48
20 54
20 55
20 57
20 58
20 61
20 62
20 63
21 22
21 28
21 30
21 32
21 33
21 34
21 36
21 39
21 41
21 42
21 44
21 46
21 47
21 48
21 50
21 51
21 52
21 54
21 56
21 58
21 59
21 60
21 62
22 23
22 24
22 26
22 28
22 29
22 30
22 31
22 32
22 34
22 35
22 36
22 37
22 38
22 39
22 42
22 44
22 46
22 49
22 51
22 52
22 54
22 56
22 60
22 61
23 25
23 37
23 38
23 45
23 51
23 53
23 54
23 57
23 59
24 26
24 27
24 28
24 30
24 31
24 34
24 35
24 36
24 39
24 40
24 41
24 42
24 44
24 47
24 49
24 50
24 52
24 54
24 55
24 57
24 59
24 60
24 61
24 62
25 27
25 28
25 29
25 30
25 31
25 32
25 34
25 37
25 38
25 39
25 41
25 43
25 46
25 49
25 50
25 52
25 55
25 57
25 58
26 27
26 38
26 39
26 41
26 42
26 43
26 45
26 47
26 48
26 51
26 52
26 53
26 54
26 56
26 57
26 61
26 63
27 29
27 30
27 32
27 34
27 37
27 38
27 39
27 41
27 42
27 43
27 48
27 58
27 59
27 60
27 63
28 30
28 31
28 32
28 36
28 38
28 39
28 40
28 42
28 44
28 46
28 48
28 49
28 50
28 51
28 52
28 53
28 55
28 56
28 57
28 58
28 59
28 60
28 61
28 63
29 35
29 38
29 39
29 40
29 43
29 44
29 45
29 47
29 49
29 51
29 53
29 54
29 57
29 59
29 63
30 32
30 33
30 34
30 35
30 36
30 38
30 39
30 42
30 43
30 46
30 52
30 53
30 54
30 55
30 57
30 59
30 60
30 62
30 63
31 33
31 36
31 41
31 42
31 43
31 44
31 46
31 50
31 52
31 53
31 55
31 56
31 57
31 59
31 60
31 63
32 33
32 36
32 37
32 38
32 39
32 43
32 46
32 47
32 48
32 49
32 53
32 54
32 55
32 58
32 59
32 60
32 62
32 63
33 34
33 35
33 36
33 40
33 41
33 42
33 45
33 46
33 47
33 48
33 49
33 50
33 51
33 54
33 57
33 58
33 59
33 61
33 62
33 63
34 38
34 39
34 42
34 44
34 45
34 46
34 47
34 48
34 52
34 57
34 58
34 61
34 62
35 37
35 44
35 50
35 52
35 53
35 56
35 57
35 60
36 41
36 44
36 45
36 48
36 50
36 52
36 53
36 57
36 59
36 60
36 62
37 39
37 40
37 42
37 43
37 45
37 47
37 51
37 52
37 56
37 58
37 60
37 61
37 63
38 40
38 41
38 47
38 49
38 50
38 55
38 59
38 60
38 62
39 40
39 43
39 44
39 45
39 46
39 48
39 49
39 51
39 53
39 55
39 58
39 59
39 60
39 62
39 63
40 43
40 45
40 51
40 52
40 53
40 54
40 56
40 58
40 61
40 63
41 42
41 43
41 44
41 45
41 47
41 54
41 57
41 59
41 60
41 62
42 43
42 44
42 45
42 47
42 48
42 53
42 55
42 56
42 57
42 60
42 62
42 63
43 45
43 46
43 47
43 51
43 54
43 55
43 56
43 57
43 59
43 60
43 61
44 46
44 48
44 52
44 55
44 56
44 58
44 60
44 61
44 62
45 46
45 47
45 48
45 49
45 50
45 54
45 59
45 60
45 61
46 48
46 50
46 57
46 62
46 63
47 48
47 49
47 50
47 51
47 53
47 56
47 57
47 61
47 63
48 49
48 53
48 56
48 57
48 63
49 50
49 51
49 52
49 54
49 59
49 62
49 63
50 51
50 58
50 60
50 61
51 52
51 55
51 56
51 58
51 59
51 60
52 53
52 55
52 57
52 58
52 59
52 60
52 61
52 62
52 63
53 55
53 61
53 62
54 57
54 58
54 59
54 61
54 63
55 57
55 58
55 61
55 62
56 58
56 59
56 60
56 61
56 63
57 58
57 60
57 61
57 62
57 63
58 60
59 62
60 62
60 63
