64 611
0 2
0 4
0 5
0 6
0 8
0 9
0 15
0 18
0 21
0 29
0 35
0 43
0 44
0 47
0 48
0 50
0 53
0 59
0 61
0 62
1 8
1 9
1 10
1 13
1 17
1 18
1 20
1 24
1 28
1 31
1 32
1 34
1 37
1 38
1 41
1 45
1 46
1 51
1 54
1 60
2 3
2 8
2 17
2 18
2 21
2 25
2 28
2 31
2 33
2 34
2 46
2 48
2 50
2 51
2 55
2 57
2 59
2 60
2 61
3 12
3 13
3 15
3 16
3 28
3 36
3 40
3 45
3 46
3 49
3 50
3 52
3 53
3 56
3 57
3 59
3 63
4 10
4 11
4 16
4 20
4 27
4 32
4 33
4 34
4 37
4 46
4 48
4 50
4 51
4 53
4 58
4 62
5 6
5 9
5 12
5 18
5 25
5 29
5 30
5 32
5 35
5 39
5 40
5 42
5 53
5 54
5 55
5 60
6 7
6 8
6 11
6 14
6 21
6 25
6 27
6 29
6 33
6 45
6 47
6 49
6 52
6 53
6 54
6 55
6 57
6 58
6 59
6 63
7 8
7 18
7 25
7 27
7 34
7 35
7 40
7 45
7 46
7 58
7 59
7 61
7 63
8 10
8 11
8 12
8 15
8 17
8 19
8 22
8 23
8 26
8 30
8 36
8 40
8 46
8 51
8 53
8 60
8 63
9 10
9 11
9 14
9 20
9 22
9 37
9 43
9 45
9 46
9 47
9 48
9 51
9 52
10 15
10 16
10 22
10 29
10 43
10 44
10 51
10 52
10 54
10 57
10 58
10 59
11 12
11 18
11 24
11 30
11 36
11 38
11 39
11 44
11 46
11 48
11 50
11 51
11 52
11 55
11 60
11 62
11 63
12 18
12 25
12 29
12 31
12 33
12 42
12 45
12 46
12 49
12 61
13 24
13 26
13 34
13 36
13 38
13 40
13 45
13 46
13 50
13 57
13 60
13 62
14 16
14 19
14 20
14 21
14 27
14 31
14 32
14 33
14 36
14 42
14 43
14 46
14 49
14 51
14 53
14 54
14 61
14 63
15 22
15 23
15 27
15 31
15 32
15 37
15 38
15 48
15 49
15 52
15 54
15 55
15 59
15 60
15 62
16 18
16 20
16 24
16 33
16 34
16 37
16 38
16 39
16 45
16 46
16 47
16 49
16 50
16 52
16 55
16 56
16 60
16 61
16 63
17 18
17 20
17 26
17 27
17 29
17 31
17 33
17 38
17 39
17 43
17 44
17 49
17 53
17 59
17 60
17 61
17 62
18 23
18 24
18 29
18 31
18 36
18 37
18 44
18 51
18 53
18 54
18 56
19 20
19 27
19 29
19 33
19 35
19 38
19 51
19 52
19 53
19 54
19 55
19 58
19 62
20 21
20 24
20 31
20 32
20 33
20 34
20 37
20 38
20 47
20 55
20 56
20 58
21 28
21 37
21 38
21 39
21 40
21 41
21 42
21 43
21 45
21 46
21 50
21 51
21 53
21 54
21 57
21 59
21 62
22 23
22 24
22 25
22 26
22 32
22 34
22 35
22 38
22 45
22 46
23 24
23 26
23 29
23 34
23 40
23 42
23 51
23 54
23 55
23 56
23 60
23 63
24 26
24 30
24 31
24 32
24 34
24 35
24 43
24 52
24 54
24 55
24 57
24 61
25 26
25 27
25 29
25 32
25 33
25 37
25 39
25 42
25 43
25 46
25 50
25 51
25 56
25 60
25 61
25 62
25 63
26 29
26 35
26 37
26 39
26 44
26 46
26 47
26 49
26 53
26 54
26 55
26 56
26 57
26 58
26 59
26 60
26 62
27 28
27 29
27 31
27 36
27 37
27 38
27 40
27 44
27 47
27 51
27 56
27 59
28 29
28 30
28 32
28 37
28 41
28 42
28 45
28 46
28 48
28 50
28 54
28 62
29 34
29 35
29 37
29 39
29 40
29 42
29 47
29 51
29 54
29 57
29 63
30 32
30 37
30 42
30 52
30 57
30 60
30 62
31 33
31 36
31 43
31 50
31 51
31 52
31 59
31 60
31 62
31 63
32 33
32 35
32 37
32 42
32 43
32 47
32 51
32 52
32 55
32 59
32 60
33 36
33 37
33 38
33 45
33 48
33 54
33 55
33 57
33 59
33 60
33 63
34 42
34 45
34 48
34 51
34 62
35 40
35 42
35 43
35 45
35 49
35 52
35 54
35 56
35 59
35 60
35 61
35 63
36 37
36 38
36 40
36 41
36 44
36 50
36 51
36 52
36 57
36 61
36 62
36 63
37 38
37 40
37 41
37 52
37 63
38 41
38 43
38 48
38 51
38 54
38 56
38 63
39 47
39 50
39 57
39 59
39 61
40 41
40 44
40 56
40 57
41 42
41 44
41 50
41 59
41 60
42 44
42 47
42 49
42 51
42 54
42 57
42 60
43 44
43 46
43 48
43 50
43 51
43 52
43 54
43 55
43 59
44 45
44 47
44 53
44 59
44 62
44 63
45 49
45 52
45 56
45 57
45 59
45 60
45 63
46 48
46 49
46 50
46 52
46 61
47 51
47 55
47 56
47 61
47 62
48 50
48 53
48 60
48 62
49 54
49 59
49 60
50 53
51 54
51 55
51 57
51 58
51 59
51 60
51 63
52 62
53 56
53 61
53 62
54 55
54 59
55 57
55 58
56 57
56 58
56 61
57 58
57 60
57 63
60 63
62 63
