64 637
0 3
0 5
0 9
0 13
0 14
0 17
0 20
0 21
0 24
0 27
0 31
0 32
0 39
0 42
0 44
0 45
0 47
0 48
0 52
0 53
0 61
1 17
1 19
1 21
1 23
1 24
1 28
1 30
1 31
1 40
1 46
1 47
1 54
1 55
1 57
1 59
1 60
1 62
2 3
2 10
2 14
2 20
2 21
2 22
2 30
2 33
2 34
2 35
2 37
2 38
2 44
2 47
2 49
2 52
2 56
2 63
3 6
3 9
3 10
3 14
3 17
3 19
3 22
3 23
3 27
3 29
3 33
3 34
3 36
3 37
3 39
3 45
3 49
3 50
3 55
3 56
3 57
3 58
3 60
3 61
3 62
3 63
4 14
4 17
4 18
4 25
4 31
4 39
4 46
4 50
4 53
4 61
4 62
5 19
5 20
5 23
5 26
5 28
5 34
5 39
5 40
5 44
5 45
5 47
5 48
5 49
5 55
5 60
5 61
6 10
6 17
6 18
6 22
6 24
6 26
6 27
6 30
6 31
6 33
6 43
6 44
6 52
6 60
6 62
7 11
7 12
7 21
7 22
7 23
7 25
7 28
7 30
7 36
7 41
7 43
7 46
7 52
7 54
7 55
7 57
7 58
8 14
8 19
8 22
8 26
8 33
8 36
8 38
8 39
8 40
8 41
8 48
8 49
8 53
8 54
8 57
8 62
8 63
9 13
9 16
9 21
9 25
9 28
9 29
9 31
9 34
9 35
9 40
9 44
9 49
9 57
10 11
10 16
10 17
10 18
10 19
10 20
10 22
10 29
10 31
10 36
10 38
10 42
10 47
10 49
10 53
10 54
10 56
10 59
10 60
10 62
11 15
11 16
11 24
11 25
11 26
11 27
11 29
11 32
11 37
11 38
11 42
11 52
11 57
11 61
12 15
12 17
12 18
12 21
12 22
12 23
12 25
12 29
12 30
12 32
12 34
12 35
12 37
12 49
12 57
13 14
13 15
13 16
13 17
13 18
13 22
13 25
13 27
13 28
13 37
13 39
13 41
13 42
13 44
13 48
13 50
13 51
13 55
13 57
14 19
14 20
14 24
14 25
14 29
14 32
14 35
14 39
14 46
14 47
14 50
14 54
14 61
14 63
15 17
15 18
15 19
15 20
15 23
15 26
15 29
15 31
15 35
15 36
15 38
15 42
15 44
15 57
15 63
16 18
16 21
16 24
16 25
16 26
16 27
16 34
16 35
16 40
16 50
16 56
16 58
16 59
16 62
17 18
17 19
17 20
17 21
17 22
17 24
17 25
17 27
17 38
17 40
17 41
17 43
17 44
17 47
17 53
17 54
17 56
17 60
18 26
18 31
18 32
18 38
18 40
18 43
18 44
18 56
18 63
19 20
19 21
19 25
19 29
19 30
19 33
19 35
19 36
19 42
19 44
19 48
19 49
19 51
19 54
19 55
19 57
19 61
19 62
20 27
20 32
20 35
20 37
20 40
20 41
20 43
20 44
20 45
20 50
20 54
20 56
20 58
20 60
20 61
21 22
21 28
21 41
21 45
21 46
21 48
21 53
21 54
21 55
21 56
21 60
22 24
22 27
22 31
22 32
22 36
22 37
22 38
22 40
22 47
22 51
22 57
22 61
22 63
23 26
23 31
23 32
23 34
23 38
23 39
23 40
23 45
23 50
23 51
23 53
23 56
23 57
23 61
23 63
24 28
24 30
24 33
24 35
24 40
24 52
24 54
24 60
24 61
24 63
25 26
25 29
25 30
25 31
25 33
25 34
25 50
25 53
25 56
25 58
25 59
25 63
26 30
26 32
26 36
26 37
26 39
26 41
26 44
26 48
26 51
26 53
26 57
26 60
27 30
27 31
27 33
27 38
27 42
27 43
27 45
27 52
27 57
27 62
27 63
28 30
28 36
28 38
28 39
28 42
28 48
28 49
28 50
28 56
28 59
28 63
29 32
29 33
29 34
29 40
29 41
29 50
29 51
29 54
29 57
29 59
29 61
29 62
30 31
30 32
30 34
30 35
30 39
30 45
30 46
30 47
30 49
30 53
30 55
30 57
30 59
31 36
31 39
31 40
31 45
31 50
31 53
31 57
31 62
32 37
32 41
32 42
32 46
32 47
32 48
32 49
32 50
32 51
32 54
32 55
32 56
32 58
32 60
33 39
33 41
33 50
33 55
33 57
33 59
34 35
34 36
34 38
34 39
34 43
34 50
34 52
34 57
34 60
34 62
34 63
35 42
35 43
35 49
35 51
35 52
35 63
36 38
36 41
36 42
36 45
36 47
36 49
36 53
36 56
36 58
37 38
37 40
37 42
37 46
37 47
37 51
37 52
37 53
37 56
37 57
37 59
37 60
37 63
38 39
38 40
38 46
38 48
38 50
38 56
38 57
38 62
39 40
39 46
39 48
39 50
39 51
39 55
39 61
40 43
40 44
40 47
40 51
40 56
40 60
41 42
41 45
41 49
41 50
41 51
41 56
41 60
41 62
42 43
42 47
42 49
42 51
42 55
42 61
42 63
43 44
43 46
43 48
43 50
43 51
43 53
43 56
43 58
43 63
44 47
44 48
44 55
44 56
44 59
45 47
45 48
45 52
45 53
45 57
45 58
45 61
45 63
46 53
46 54
46 56
46 57
46 58
46 63
47 49
47 51
47 56
47 58
47 63
48 50
48 52
48 53
48 55
48 56
48 61
48 63
49 50
49 51
49 52
49 53
49 58
49 61
50 52
50 53
50 54
50 56
50 61
50 62
51 55
51 62
52 54
52 59
53 55
53 62
54 55
54 56
54 57
54 61
55 56
55 57
55 60
56 58
56 60
56 61
56 62
58 60
60 61
61 63
