64 593
0 4
0 5
0 6
0 7
0 9
0 14
0 15
0 18
0 19
0 23
0 25
0 33
0 36
0 37
0 40
0 41
0 42
0 49
0 50
0 54
0 55
0 56
0 62
0 63
1 3
1 4
1 8
1 9
1 14
1 16
1 20
1 22
1 23
1 29
1 30
1 32
1 33
1 34
1 35
1 36
1 48
1 54
1 55
1 59
1 63
2 6
2 7
2 21
2 23
2 26
2 28
2 29
2 30
2 31
2 34
2 38
2 40
2 42
2 45
2 49
2 51
2 56
2 57
2 59
2 60
3 4
3 5
3 7
3 8
3 14
3 16
3 18
3 23
3 29
3 30
3 32
3 37
3 39
3 42
3 44
3 48
3 51
3 53
3 54
3 56
3 63
4 5
4 16
4 18
4 23
4 24
4 30
4 31
4 38
4 39
4 42
4 43
4 44
4 45
4 51
4 54
4 55
4 57
4 60
4 61
5 13
5 17
5 21
5 26
5 28
5 33
5 38
5 39
5 45
5 51
5 52
5 56
5 62
6 14
6 15
6 16
6 19
6 22
6 23
6 26
6 27
6 28
6 33
6 44
6 48
6 59
6 60
7 10
7 12
7 14
7 15
7 18
7 20
7 22
7 25
7 26
7 27
7 30
7 31
7 32
7 36
7 45
7 46
7 48
7 53
7 58
7 63
8 9
8 17
8 19
8 25
8 29
8 31
8 35
8 44
8 47
8 48
8 51
8 55
8 57
8 60
8 62
8 63
9 11
9 13
9 19
9 22
9 23
9 25
9 26
9 28
9 29
9 34
9 40
9 41
9 44
9 49
9 57
9 59
9 60
10 11
10 15
10 22
10 23
10 24
10 29
10 32
10 37
10 40
10 41
10 44
10 47
10 50
10 53
10 54
10 56
10 63
11 13
11 17
11 19
11 23
11 36
11 40
11 43
11 48
11 50
11 58
11 63
12 14
12 17
12 18
12 19
12 20
12 23
12 24
12 30
12 31
12 32
12 34
12 41
12 42
12 43
12 46
12 47
12 49
12 50
12 54
12 62
13 16
13 21
13 25
13 26
13 31
13 33
13 36
13 39
13 43
13 47
13 57
13 58
13 61
14 16
14 19
14 20
14 21
14 23
14 24
14 26
14 27
14 34
14 38
14 40
14 45
14 52
14 56
14 57
14 58
14 61
15 18
15 22
15 27
15 28
15 36
15 44
15 45
15 46
15 47
15 48
15 52
15 57
15 58
15 62
16 17
16 18
16 22
16 26
16 31
16 34
16 36
16 42
16 43
16 48
16 50
16 54
16 55
16 56
17 18
17 21
17 22
17 24
17 25
17 26
17 29
17 31
17 32
17 33
17 34
17 38
17 40
17 45
17 48
17 57
17 58
17 61
18 28
18 34
18 35
18 38
18 40
18 47
18 48
18 53
18 55
18 61
19 23
19 37
19 40
19 42
19 44
19 58
19 61
20 22
20 26
20 34
20 37
20 39
20 44
20 49
20 50
20 56
20 59
21 23
21 24
21 29
21 32
21 33
21 34
21 35
21 36
21 40
21 49
21 62
22 23
22 28
22 29
22 35
22 46
22 48
22 50
22 51
22 56
22 57
22 62
22 63
23 24
23 27
23 30
23 32
23 36
23 47
23 49
23 57
23 58
23 59
23 61
23 62
24 25
24 28
24 31
24 32
24 34
24 35
24 36
24 37
24 40
24 49
24 51
24 59
24 60
24 63
25 32
25 33
25 36
25 38
25 40
25 42
25 43
25 47
25 48
25 50
25 51
25 54
25 59
25 60
26 28
26 35
26 36
26 37
26 45
26 48
26 55
26 60
26 62
27 29
27 31
27 32
27 37
27 39
27 41
27 43
27 44
27 48
27 49
27 54
27 59
28 29
28 30
28 35
28 37
28 40
28 41
28 42
28 45
28 46
28 47
28 52
28 54
28 60
28 61
28 62
29 37
29 40
29 42
29 43
29 50
29 56
29 57
29 59
29 62
29 63
30 35
30 37
30 45
30 48
30 50
30 52
30 54
30 55
30 63
31 32
31 33
31 34
31 37
31 39
31 47
31 48
31 56
31 60
31 62
32 35
32 36
32 41
32 49
32 53
32 55
33 35
33 36
33 38
33 47
33 48
33 51
33 56
33 59
33 62
34 35
34 37
34 38
34 53
34 55
34 59
34 60
34 61
35 39
35 44
35 50
35 52
35 53
35 57
36 37
36 44
36 48
36 56
36 61
37 39
37 42
37 44
37 48
37 49
37 50
37 53
37 58
37 60
37 61
38 42
38 49
38 51
38 53
38 54
38 60
38 61
38 62
39 44
39 49
39 52
39 57
39 58
39 61
40 44
40 45
40 46
40 56
40 57
41 43
41 44
41 46
41 48
41 49
41 58
41 60
42 43
42 48
42 52
43 44
43 45
43 49
43 57
43 58
43 59
43 63
44 48
44 51
44 58
45 47
45 48
45 49
45 50
45 51
45 53
45 55
45 56
45 58
45 59
46 49
46 53
46 57
46 58
46 60
46 61
46 62
47 58
47 62
48 49
49 51
49 53
49 63
50 56
51 53
51 55
51 60
51 61
52 53
52 60
53 57
53 61
54 57
54 59
54 61
55 59
55 60
56 58
56 62
56 63
57 58
57 62
57 63
60 61
60 63
62 63
