64 578
0 5
0 6
0 13
0 20
0 22
0 23
0 25
0 26
0 29
0 31
0 32
0 35
0 37
0 38
0 43
0 47
0 48
0 49
0 52
0 53
0 54
0 56
0 58
0 61
0 62
1 8
1 9
1 13
1 16
1 17
1 18
1 20
1 21
1 24
1 29
1 31
1 44
1 45
1 49
1 52
1 53
1 58
1 59
1 61
1 63
2 7
2 12
2 13
2 16
2 17
2 20
2 28
2 30
2 37
2 40
2 41
2 43
2 50
3 6
3 9
3 12
3 17
3 18
3 21
3 24
3 26
3 29
3 33
3 34
3 37
3 46
3 52
3 55
3 56
3 62
4 7
4 14
4 18
4 20
4 21
4 22
4 25
4 29
4 31
4 33
4 36
4 37
4 40
4 41
4 42
4 43
4 44
4 48
4 56
4 59
4 62
5 10
5 11
5 17
5 18
5 20
5 21
5 23
5 24
5 33
5 36
5 38
5 40
5 41
5 42
5 43
5 45
5 53
5 61
5 62
5 63
6 7
6 10
6 11
6 15
6 19
6 22
6 24
6 26
6 28
6 29
6 31
6 32
6 34
6 35
6 43
6 46
6 47
6 50
6 54
6 56
6 58
7 8
7 11
7 12
7 14
7 19
7 21
7 26
7 30
7 36
7 40
7 43
7 50
7 54
7 55
7 57
7 60
7 61
7 63
8 10
8 11
8 12
8 16
8 20
8 32
8 35
8 39
8 40
8 50
8 53
8 56
8 62
9 10
9 11
9 12
9 13
9 21
9 25
9 26
9 35
9 38
9 39
9 50
9 53
9 56
9 57
9 59
9 62
9 63
10 15
10 16
10 17
10 21
10 29
10 39
10 46
10 54
10 57
10 58
10 59
10 61
10 62
11 14
11 15
11 24
11 25
11 26
11 31
11 33
11 36
11 40
11 41
11 44
11 45
11 46
11 47
11 48
11 49
11 51
11 54
11 56
11 59
11 61
11 62
12 13
12 14
12 18
12 26
12 27
12 28
12 39
12 40
12 42
12 44
12 46
12 49
12 56
12 57
12 58
12 63
13 14
13 16
13 17
13 19
13 22
13 28
13 32
13 33
13 40
13 45
13 48
13 49
13 52
13 54
13 56
13 57
14 16
14 19
14 21
14 25
14 28
14 31
14 32
14 38
14 45
14 57
14 58
14 62
15 23
15 27
15 30
15 34
15 36
15 37
15 38
15 39
15 40
15 42
15 46
15 53
15 56
15 59
15 60
16 18
16 20
16 31
16 36
16 38
16 39
16 42
16 46
16 54
17 23
17 25
17 27
17 28
17 31
17 32
17 40
17 45
17 48
17 52
17 53
17 55
17 57
17 59
17 60
18 26
18 31
18 34
18 36
18 37
18 39
18 41
18 42
18 45
18 51
18 55
19 23
19 25
19 28
19 29
19 31
19 43
19 44
19 48
19 54
19 55
19 63
20 23
20 28
20 34
20 35
20 38
20 40
20 42
20 46
20 51
20 52
20 55
20 56
20 59
21 24
21 30
21 36
21 38
21 42
21 44
21 47
21 49
21 55
21 57
21 58
22 26
22 27
22 36
22 37
22 45
22 49
22 52
22 53
22 54
22 57
22 59
23 27
23 29
23 30
23 32
23 33
23 42
23 43
23 45
23 48
23 55
23 59
23 62
24 26
24 29
24 32
24 33
24 34
24 35
24 37
24 39
24 42
24 45
24 47
24 55
24 57
24 61
25 26
25 29
25 33
25 34
25 41
25 45
25 46
25 49
25 51
25 52
25 55
25 58
26 28
26 29
26 36
26 45
26 52
26 53
26 55
26 56
26 57
27 29
27 30
27 32
27 38
27 45
27 46
27 50
27 56
27 59
27 61
28 37
28 38
28 39
28 41
28 44
28 45
28 47
28 54
28 59
28 60
28 61
28 62
29 30
29 35
29 39
29 42
29 46
29 57
30 37
30 38
30 41
30 46
30 51
30 56
31 33
31 39
31 47
31 48
31 55
31 59
31 62
32 34
32 49
32 60
33 39
33 41
33 51
33 55
33 63
34 35
34 36
34 38
34 40
34 46
34 49
35 39
35 42
35 43
35 49
35 50
35 60
35 62
36 37
36 41
36 43
36 45
36 52
36 59
36 63
37 40
37 43
37 44
37 46
37 48
37 50
37 55
37 61
37 63
38 40
38 42
38 45
38 46
38 47
38 49
38 50
38 53
38 57
39 40
39 42
39 44
39 45
39 46
39 51
39 52
39 55
39 56
39 57
39 60
40 42
40 43
40 46
40 48
40 49
40 56
40 57
40 58
40 63
41 50
41 53
41 58
41 59
41 60
41 63
42 44
42 47
42 49
42 51
42 61
43 53
43 54
43 62
44 46
44 47
44 49
44 53
44 56
45 46
45 47
45 51
45 52
45 56
45 59
45 62
46 49
46 50
46 57
46 62
47 49
47 51
47 55
47 59
47 63
48 59
48 60
48 61
48 62
49 52
49 55
50 55
50 57
50 62
51 62
52 62
53 58
53 61
54 55
54 56
54 57
54 61
54 62
55 56
55 61
56 57
57 63
58 60
58 61
58 62
58 63
60 61
60 62
61 63
