64 610
0 1
0 2
0 10
0 12
0 13
0 16
0 20
0 21
0 25
0 27
0 28
0 29
0 33
0 37
0 38
0 39
0 55
0 59
0 63
1 2
1 4
1 5
1 6
1 7
1 8
1 9
1 12
1 26
1 27
1 28
1 31
1 32
1 33
1 35
1 38
1 40
1 42
1 46
1 47
1 48
1 53
1 54
1 56
1 57
1 59
1 63
2 3
2 13
2 15
2 17
2 26
2 29
2 30
2 32
2 35
2 38
2 39
2 43
2 50
2 60
2 61
3 7
3 16
3 17
3 24
3 25
3 26
3 29
3 30
3 32
3 35
3 39
3 41
3 43
3 44
3 46
3 52
3 55
3 56
3 59
3 63
4 5
4 6
4 7
4 11
4 18
4 19
4 21
4 24
4 26
4 29
4 35
4 39
4 45
4 47
4 50
4 55
4 56
4 58
4 60
5 9
5 12
5 15
5 17
5 19
5 33
5 36
5 39
5 42
5 49
5 60
5 61
6 10
6 15
6 23
6 25
6 27
6 34
6 38
6 40
6 42
6 43
6 44
6 49
6 50
6 51
6 54
6 56
6 60
6 61
6 63
7 14
7 17
7 23
7 26
7 27
7 29
7 39
7 42
7 44
7 45
7 47
7 50
7 51
7 55
7 58
7 59
7 61
7 62
7 63
8 10
8 17
8 20
8 22
8 23
8 27
8 32
8 33
8 37
8 42
8 46
8 48
8 51
8 63
9 14
9 17
9 23
9 24
9 32
9 33
9 42
9 43
9 46
9 53
9 57
9 58
9 61
10 11
10 12
10 13
10 14
10 18
10 20
10 24
10 30
10 33
10 43
10 49
10 52
10 61
10 62
11 12
11 15
11 16
11 17
11 19
11 22
11 28
11 29
11 30
11 34
11 38
11 41
11 42
11 44
11 54
11 55
11 57
11 62
11 63
12 13
12 19
12 22
12 26
12 28
12 30
12 36
12 37
12 38
12 39
12 46
12 56
12 57
12 58
12 59
12 61
13 17
13 19
13 25
13 35
13 41
13 43
13 48
13 49
13 54
13 56
13 57
13 61
14 23
14 24
14 27
14 28
14 32
14 33
14 34
14 35
14 36
14 37
14 41
14 49
14 53
14 54
14 56
14 57
14 59
14 61
15 19
15 20
15 29
15 30
15 39
15 40
15 41
15 44
15 45
15 48
15 52
15 53
15 61
15 63
16 17
16 21
16 23
16 27
16 30
16 31
16 33
16 34
16 37
16 38
16 39
16 40
16 42
16 43
16 45
16 47
16 51
16 52
16 53
16 60
16 62
17 18
17 26
17 32
17 34
17 39
17 40
17 45
17 50
17 51
17 54
17 57
17 59
18 19
18 26
18 29
18 30
18 33
18 38
18 44
18 45
18 46
18 49
18 53
18 55
18 59
18 60
18 61
18 62
19 21
19 23
19 25
19 32
19 37
19 57
19 58
19 62
20 21
20 23
20 24
20 30
20 35
20 36
20 39
20 45
20 46
20 48
20 55
20 57
21 22
21 23
21 24
21 29
21 36
21 39
21 42
21 44
21 47
21 49
21 54
21 56
21 58
21 61
22 23
22 24
22 31
22 34
22 38
22 40
22 44
22 48
22 50
22 52
22 60
22 63
23 25
23 26
23 31
23 36
23 43
23 47
23 49
23 50
23 52
23 56
23 59
23 61
24 26
24 27
24 28
24 29
24 34
24 37
24 38
24 43
24 44
24 45
24 47
24 49
24 50
24 52
24 53
24 58
24 60
24 62
24 63
25 26
25 27
25 28
25 34
25 38
25 44
25 46
25 54
25 55
25 59
25 60
26 30
26 33
26 44
26 47
26 48
26 49
26 50
26 52
26 56
26 57
26 60
26 62
27 28
27 29
27 32
27 34
27 39
27 41
27 43
27 46
27 47
27 51
27 54
27 56
27 61
27 62
27 63
28 33
28 34
28 35
28 37
28 39
28 49
28 53
28 61
29 32
29 35
29 37
29 38
29 39
29 50
29 54
29 56
29 62
30 34
30 35
30 46
30 49
30 52
30 54
30 57
30 58
31 39
31 43
31 48
31 49
31 50
31 55
31 58
31 59
31 60
31 63
32 35
32 36
32 37
32 44
32 45
33 34
33 36
33 38
33 39
33 42
33 48
33 51
33 54
33 56
33 57
33 61
34 37
34 41
34 45
34 50
34 56
34 61
34 62
34 63
35 38
35 39
35 40
35 44
35 52
35 63
36 38
36 40
36 45
36 49
36 51
36 58
36 62
37 43
37 48
37 51
37 55
37 58
37 62
38 40
38 41
38 51
38 53
38 55
38 56
38 59
39 41
39 48
39 49
39 50
39 52
39 62
39 63
40 42
40 44
40 45
40 46
40 56
40 62
40 63
41 47
41 48
41 49
41 50
41 51
41 52
41 53
41 55
41 59
42 46
42 56
42 57
42 58
42 59
43 45
43 47
43 54
43 55
43 57
43 58
43 61
43 62
44 45
44 47
44 50
44 52
45 48
45 52
45 54
45 60
46 52
46 53
46 60
46 63
47 48
47 50
47 51
47 58
47 60
47 62
48 53
48 55
48 56
48 60
49 50
49 51
49 52
49 54
49 56
49 58
49 61
50 52
50 55
50 62
51 52
51 56
51 59
51 62
52 53
52 54
52 55
52 60
52 63
53 58
53 60
54 62
55 56
55 58
55 59
56 58
56 62
57 59
57 62
58 59
58 60
60 61
62 63
