64 614
0 2
0 11
0 13
0 22
0 27
0 28
0 32
0 37
0 38
0 39
0 42
0 46
0 54
0 62
0 63
1 9
1 11
1 12
1 17
1 21
1 22
1 24
1 25
1 27
1 29
1 33
1 34
1 38
1 41
1 51
1 56
1 57
2 3
2 4
2 5
2 9
2 10
2 14
2 19
2 26
2 28
2 29
2 30
2 38
2 39
2 40
2 43
2 47
2 48
2 49
2 54
2 55
2 60
2 61
3 4
3 7
3 10
3 16
3 17
3 18
3 19
3 20
3 28
3 29
3 38
3 40
3 43
3 45
3 52
3 56
4 7
4 9
4 12
4 15
4 16
4 22
4 25
4 29
4 30
4 31
4 33
4 34
4 42
4 45
4 51
4 52
4 54
4 56
4 58
5 9
5 14
5 21
5 23
5 25
5 27
5 32
5 38
5 40
5 43
5 44
5 45
5 54
5 57
5 59
6 11
6 18
6 19
6 29
6 30
6 31
6 32
6 33
6 34
6 36
6 40
6 43
6 46
6 47
6 57
6 58
6 63
7 10
7 11
7 12
7 13
7 15
7 18
7 31
7 32
7 33
7 34
7 35
7 37
7 51
7 54
7 56
7 57
7 58
8 15
8 16
8 21
8 24
8 25
8 38
8 40
8 42
8 48
8 50
8 53
8 59
9 15
9 21
9 25
9 38
9 44
9 47
9 52
9 54
9 58
9 59
9 60
9 62
10 11
10 13
10 16
10 20
10 22
10 25
10 32
10 33
10 34
10 36
10 44
10 48
10 51
11 12
11 17
11 19
11 25
11 27
11 28
11 29
11 34
11 35
11 38
11 40
11 46
11 53
11 56
11 59
11 60
11 61
12 18
12 22
12 29
12 40
12 44
12 45
12 49
12 50
12 55
12 57
12 60
12 62
13 18
13 28
13 32
13 33
13 38
13 41
13 42
13 43
13 45
13 48
13 55
13 56
13 59
13 62
14 17
14 21
14 29
14 30
14 31
14 36
14 37
14 41
14 43
14 44
14 47
14 54
14 55
14 58
14 61
14 62
15 20
15 24
15 33
15 34
15 35
15 36
15 41
15 43
15 44
15 47
15 49
15 54
15 59
15 62
16 17
16 19
16 20
16 23
16 25
16 26
16 30
16 31
16 33
16 36
16 40
16 41
16 43
16 45
16 46
16 52
16 57
16 60
16 61
16 62
16 63
17 19
17 26
17 28
17 31
17 34
17 37
17 40
17 44
17 56
17 57
17 60
17 61
17 62
18 19
18 23
18 28
18 34
18 37
18 38
18 43
18 51
18 55
18 56
18 57
18 62
19 25
19 31
19 32
19 37
19 40
19 42
19 44
19 50
19 51
19 53
19 57
19 58
20 21
20 24
20 27
20 36
20 43
20 44
20 47
20 49
20 50
20 51
20 55
20 57
20 61
21 22
21 23
21 26
21 28
21 30
21 32
21 35
21 38
21 40
21 46
21 47
21 49
21 58
21 59
22 23
22 24
22 25
22 30
22 34
22 45
22 47
22 50
22 54
22 56
22 57
22 63
23 24
23 26
23 30
23 31
23 34
23 36
23 43
23 45
23 48
23 49
23 59
23 62
23 63
24 25
24 27
24 28
24 30
24 31
24 39
24 41
24 45
24 47
24 53
24 59
24 61
25 28
25 30
25 33
25 36
25 38
25 40
25 42
25 43
25 44
25 45
25 46
25 49
25 51
25 54
25 56
25 57
25 61
26 30
26 31
26 32
26 33
26 35
26 36
26 37
26 40
26 42
26 51
26 52
26 55
26 56
26 63
27 28
27 30
27 36
27 40
27 45
27 48
27 49
27 55
27 56
27 57
27 59
28 29
28 30
28 31
28 33
28 35
28 41
28 42
28 43
28 49
28 55
28 56
28 60
29 30
29 32
29 33
29 36
29 39
29 43
29 44
29 45
29 48
29 49
29 51
29 58
29 61
29 63
30 37
30 39
30 40
30 41
30 43
30 47
30 53
30 54
30 59
30 60
31 32
31 33
31 36
31 38
31 39
31 42
31 43
31 48
31 49
31 51
31 52
31 53
31 55
31 56
31 59
31 60
32 34
32 35
32 36
32 37
32 39
32 41
32 42
32 53
32 62
32 63
33 35
33 37
33 39
33 40
33 42
33 45
33 46
33 48
33 50
33 52
33 56
33 61
33 62
34 42
34 46
34 53
34 57
34 60
35 43
35 44
35 45
35 47
35 48
35 53
35 57
35 59
36 38
36 39
36 41
36 42
36 45
36 48
36 50
36 52
36 62
37 40
37 42
37 43
37 44
37 47
37 49
37 54
37 55
37 56
37 61
38 41
38 47
38 49
38 51
38 52
38 53
38 60
39 44
39 46
39 49
39 52
39 55
39 58
39 59
39 61
39 63
40 42
40 47
40 51
40 52
40 54
40 56
40 60
40 63
41 45
41 49
41 51
41 55
41 59
41 62
42 43
42 44
42 46
42 47
42 49
42 50
42 56
42 58
42 61
42 62
42 63
43 44
43 51
43 58
43 62
44 50
44 51
44 52
44 55
44 56
44 60
45 52
45 59
45 60
45 61
45 62
45 63
46 59
46 61
46 63
47 51
47 54
47 56
47 57
48 50
48 51
48 53
49 50
49 54
49 56
49 59
50 51
50 52
50 53
50 54
50 57
50 60
51 55
51 59
51 62
52 53
52 56
52 63
53 54
53 55
54 55
54 56
56 58
56 59
57 58
57 61
58 62
59 63
60 63
61 63
