64 624
0 2
0 3
0 4
0 7
0 8
0 10
0 13
0 14
0 18
0 21
0 24
0 33
0 35
0 48
0 49
0 50
0 56
1 3
1 6
1 7
1 12
1 13
1 15
1 16
1 18
1 20
1 22
1 23
1 24
1 26
1 27
1 30
1 31
1 39
1 41
1 43
1 53
1 54
1 62
1 63
2 9
2 10
2 16
2 20
2 21
2 26
2 30
2 32
2 41
2 42
2 45
2 51
2 52
2 61
3 7
3 21
3 23
3 25
3 27
3 34
3 35
3 38
3 39
3 41
3 46
3 50
4 5
4 6
4 7
4 10
4 11
4 17
4 20
4 22
4 25
4 30
4 32
4 33
4 37
4 42
4 47
4 50
4 52
4 55
4 58
4 60
4 61
4 62
5 8
5 20
5 22
5 23
5 26
5 27
5 33
5 34
5 35
5 37
5 38
5 47
5 49
5 50
5 51
5 54
5 57
5 61
5 63
6 10
6 13
6 16
6 19
6 23
6 24
6 28
6 31
6 33
6 35
6 36
6 40
6 41
6 42
6 44
6 50
6 51
6 52
6 54
6 59
7 8
7 9
7 11
7 16
7 17
7 18
7 22
7 26
7 33
7 36
7 37
7 38
7 39
7 43
7 53
7 61
8 9
8 12
8 13
8 21
8 29
8 30
8 31
8 36
8 37
8 39
8 43
8 45
8 46
8 53
8 55
8 56
8 58
8 63
9 12
9 14
9 17
9 20
9 24
9 26
9 27
9 28
9 29
9 33
9 36
9 40
9 41
9 42
9 45
9 46
9 50
9 51
9 52
9 53
9 54
9 62
10 11
10 12
10 15
10 18
10 19
10 20
10 21
10 22
10 27
10 31
10 32
10 35
10 37
10 41
10 42
10 53
10 56
10 57
10 58
10 63
11 14
11 16
11 17
11 19
11 23
11 27
11 29
11 33
11 34
11 39
11 42
11 43
11 44
11 46
11 53
11 56
11 62
12 17
12 18
12 19
12 26
12 28
12 34
12 37
12 38
12 39
12 41
12 44
12 48
12 53
12 54
12 57
12 58
12 62
12 63
13 21
13 24
13 34
13 35
13 36
13 44
13 45
13 51
13 54
13 55
13 57
13 59
13 60
13 62
14 15
14 18
14 19
14 20
14 21
14 23
14 26
14 29
14 33
14 35
14 41
14 45
14 48
14 49
14 51
14 53
14 55
14 58
14 60
14 61
15 22
15 24
15 27
15 30
15 32
15 33
15 35
15 39
15 44
15 47
15 48
15 54
16 17
16 18
16 19
16 20
16 22
16 24
16 32
16 38
16 42
16 43
16 49
16 51
16 55
16 59
16 62
16 63
17 20
17 21
17 26
17 31
17 35
17 43
17 46
17 51
17 53
17 54
17 57
17 58
17 59
18 19
18 25
18 26
18 27
18 37
18 41
18 42
18 44
18 46
18 49
18 55
18 56
18 58
18 60
18 61
18 63
19 20
19 22
19 24
19 26
19 27
19 34
19 35
19 38
19 43
19 46
19 50
19 51
19 55
19 60
19 63
20 21
20 22
20 25
20 27
20 29
20 30
20 31
20 39
20 42
20 43
20 46
20 51
20 55
20 58
20 63
21 22
21 26
21 27
21 28
21 34
21 39
21 47
21 49
21 50
21 51
21 52
21 54
21 63
22 23
22 25
22 27
22 32
22 41
22 42
22 45
22 46
22 49
22 63
23 24
23 25
23 26
23 31
23 35
23 36
23 37
23 43
23 45
23 51
23 52
23 53
23 57
23 59
23 61
23 63
24 32
24 33
24 35
24 37
24 38
24 52
24 54
24 59
24 60
24 62
25 28
25 29
25 30
25 31
25 38
25 40
25 41
25 45
25 47
25 48
25 50
25 60
25 61
25 62
25 63
26 27
26 29
26 44
26 45
26 50
26 58
26 59
26 60
26 61
26 62
27 32
27 36
27 40
27 41
27 47
27 50
27 54
27 55
27 57
27 58
28 34
28 35
28 38
28 39
28 42
28 43
28 47
28 49
28 50
28 53
28 59
28 61
29 32
29 34
29 39
29 40
29 41
29 55
29 58
29 60
30 35
30 38
30 39
30 43
30 45
30 50
30 53
30 56
30 57
31 32
31 40
31 45
31 46
31 50
31 57
31 60
31 61
31 63
32 34
32 37
32 40
32 45
32 46
32 47
32 57
32 58
32 59
33 36
33 38
33 40
33 42
33 44
33 49
33 55
33 59
34 37
34 41
34 46
34 52
34 53
34 59
34 60
34 63
35 37
35 41
35 42
35 43
35 46
35 47
35 52
35 54
35 59
35 61
36 45
36 46
36 49
36 50
36 52
36 57
36 59
37 38
37 40
37 42
37 50
37 51
37 52
37 54
37 56
37 57
37 58
38 41
38 51
38 54
38 55
39 47
39 48
39 54
39 57
39 63
40 41
40 54
40 56
40 57
40 59
40 60
40 62
41 52
41 53
41 54
41 55
41 60
42 43
42 50
42 51
42 54
42 58
42 60
43 46
43 47
43 49
43 54
43 62
43 63
44 45
44 47
44 49
44 52
44 54
44 57
45 48
45 52
45 54
45 55
45 60
46 52
46 56
46 57
47 48
47 49
47 51
47 52
47 53
47 59
47 60
47 62
47 63
48 51
48 53
48 54
48 57
48 60
48 63
49 52
49 58
49 59
49 61
49 63
50 57
50 60
51 53
51 55
51 57
51 60
52 53
52 58
52 60
53 57
53 60
53 62
54 56
54 58
54 60
55 57
55 63
56 61
57 60
58 59
58 61
59 61
59 62
60 62
