64 597
0 2
0 4
0 11
0 14
0 16
0 17
0 18
0 20
0 21
0 22
0 23
0 30
0 33
0 36
0 37
0 38
0 39
0 43
0 46
0 47
0 56
0 58
0 61
0 62
1 3
1 7
1 9
1 16
1 20
1 21
1 29
1 33
1 35
1 44
1 47
1 52
1 56
1 57
1 59
1 63
2 3
2 6
2 7
2 14
2 15
2 17
2 22
2 28
2 31
2 32
2 38
2 39
2 43
2 46
2 48
2 49
2 53
2 58
2 59
2 62
3 4
3 8
3 11
3 12
3 15
3 18
3 31
3 32
3 42
3 48
3 58
4 5
4 6
4 7
4 9
4 13
4 16
4 23
4 28
4 31
4 34
4 35
4 37
4 41
4 48
4 50
4 52
4 56
4 57
4 60
4 63
5 12
5 19
5 20
5 27
5 32
5 33
5 34
5 40
5 47
5 48
5 49
5 59
5 60
5 61
6 10
6 11
6 23
6 24
6 31
6 34
6 39
6 47
6 49
6 55
6 61
7 11
7 12
7 13
7 15
7 25
7 26
7 30
7 35
7 39
7 40
7 42
7 45
7 46
7 51
7 57
7 59
7 60
8 11
8 17
8 20
8 23
8 25
8 29
8 31
8 32
8 37
8 39
8 47
8 55
8 56
8 59
8 60
9 11
9 14
9 18
9 20
9 24
9 30
9 38
9 39
9 46
9 51
9 62
10 13
10 14
10 20
10 22
10 24
10 29
10 45
10 49
10 50
10 51
10 52
10 55
10 56
10 58
10 61
10 63
11 12
11 18
11 19
11 20
11 24
11 27
11 31
11 33
11 34
11 37
11 44
11 45
11 48
11 52
11 54
11 55
11 56
11 58
12 13
12 15
12 22
12 24
12 28
12 29
12 30
12 33
12 37
12 38
12 40
12 41
12 45
12 48
12 52
12 56
12 57
12 59
12 60
12 61
13 14
13 18
13 29
13 32
13 36
13 41
13 46
13 51
13 52
13 53
13 57
13 61
14 17
14 18
14 19
14 27
14 30
14 37
14 41
14 44
14 45
14 50
14 52
14 53
14 61
15 18
15 21
15 22
15 24
15 29
15 32
15 39
15 42
15 48
15 56
15 61
16 21
16 25
16 26
16 28
16 30
16 31
16 37
16 52
16 57
16 60
16 61
17 19
17 26
17 27
17 28
17 39
17 40
17 41
17 44
17 46
17 60
17 62
18 20
18 23
18 25
18 28
18 31
18 32
18 39
18 40
18 41
18 44
18 51
18 54
18 56
18 58
18 60
19 24
19 26
19 27
19 33
19 36
19 38
19 43
19 46
19 48
19 49
19 50
19 52
19 53
19 54
19 55
19 56
19 58
19 62
20 26
20 29
20 32
20 35
20 37
20 39
20 41
20 42
20 51
20 53
20 56
20 57
21 25
21 26
21 27
21 29
21 33
21 34
21 39
21 40
21 42
21 43
21 45
21 53
21 61
22 24
22 28
22 35
22 36
22 38
22 40
22 42
22 43
22 45
22 48
22 49
22 52
22 55
22 61
22 62
23 25
23 28
23 31
23 34
23 35
23 37
23 38
23 40
23 54
23 56
24 31
24 32
24 36
24 38
24 41
24 43
24 45
24 46
24 50
24 54
24 59
24 60
24 62
25 26
25 34
25 35
25 41
25 45
25 46
25 47
25 49
25 57
25 63
26 27
26 32
26 33
26 36
26 42
26 50
26 52
26 54
26 56
26 62
27 29
27 30
27 31
27 32
27 34
27 39
27 43
27 44
27 47
27 49
27 50
27 51
27 53
27 54
27 55
27 57
28 29
28 32
28 38
28 39
28 40
28 44
28 60
28 62
29 31
29 32
29 33
29 36
29 38
29 43
29 48
29 49
29 54
29 59
29 61
29 62
29 63
30 32
30 34
30 35
30 38
30 41
30 42
30 46
30 48
30 49
30 51
30 53
30 54
30 61
30 63
31 37
31 38
31 39
31 42
31 47
31 51
31 52
31 60
31 62
32 36
32 38
32 42
32 50
32 54
32 55
32 56
32 58
32 59
32 62
33 41
33 43
33 48
33 50
33 53
33 56
33 58
33 59
33 60
33 63
34 37
34 38
34 40
34 44
34 45
34 49
34 50
34 52
34 63
35 38
35 39
35 41
35 44
35 53
35 57
35 59
35 60
35 63
36 38
36 47
36 50
36 52
36 57
36 58
37 43
37 47
37 56
37 57
37 59
37 63
38 42
38 43
38 45
38 54
38 58
38 59
38 60
38 61
38 63
39 40
39 41
39 46
39 47
39 48
39 50
39 59
39 60
40 43
40 53
40 55
40 62
41 43
41 53
41 56
41 63
42 43
42 45
42 54
42 56
42 61
43 44
43 49
43 54
43 62
44 46
44 48
44 49
44 53
44 54
44 58
45 55
45 56
45 57
45 60
45 62
46 47
46 48
46 53
46 54
46 56
47 53
47 58
47 60
47 61
48 50
48 51
48 57
48 58
48 60
48 63
49 51
49 52
49 55
49 56
49 60
49 61
49 62
50 51
50 52
50 57
50 58
50 60
51 55
51 60
51 61
51 63
52 57
52 59
52 63
53 54
53 58
53 59
54 56
54 61
55 57
55 60
55 62
56 57
56 60
56 61
56 62
56 63
57 62
57 63
58 60
59 60
59 61
59 62
59 63
60 63
