64 201
0 2
0 5
0 9
0 20
1 2
1 35
1 61
2 10
2 48
2 61
3 9
3 10
3 14
3 15
3 19
4 18
4 19
4 22
4 33
4 54
4 63
5 14
5 33
5 44
5 48
5 55
6 17
6 50
6 55
6 60
6 63
7 11
7 15
7 28
7 36
7 43
7 46
7 47
8 14
8 19
8 21
8 36
8 44
8 47
8 56
9 17
9 40
9 48
10 20
10 34
10 36
10 48
10 63
11 28
11 58
12 21
12 22
12 41
12 50
12 54
12 57
13 14
13 20
13 23
13 33
13 35
13 41
13 60
14 26
14 31
15 20
15 21
15 34
15 43
15 52
16 17
16 21
16 41
16 45
16 52
16 59
17 49
17 53
18 23
18 48
18 51
18 54
19 20
19 33
19 38
19 51
19 56
20 23
20 44
20 59
21 26
21 30
21 31
21 45
21 58
22 23
22 27
22 29
22 33
22 36
22 44
22 47
22 48
22 53
23 24
23 26
23 61
23 63
24 32
24 33
24 43
24 53
24 58
24 59
24 61
25 53
26 27
26 28
26 38
26 50
27 35
27 39
27 43
27 50
27 54
27 58
27 60
28 44
29 48
29 57
29 62
30 45
31 36
31 38
31 40
31 44
31 46
31 47
31 55
31 62
32 35
32 37
32 40
32 52
32 60
32 63
33 44
33 61
34 44
34 57
35 41
35 56
36 41
36 47
36 49
36 50
39 46
39 48
40 48
40 61
41 48
41 54
41 62
42 50
43 46
43 51
44 48
44 59
45 48
45 54
45 63
46 50
46 52
46 59
46 60
47 50
47 53
47 63
48 54
48 55
48 56
49 58
49 62
51 55
53 56
53 58
53 59
53 60
56 59
56 63
57 61
57 63
58 60
58 61
60 61
61 62
