64 229
0 3
0 10
0 43
0 55
0 63
1 2
1 17
1 21
1 31
1 34
1 36
2 3
2 21
2 29
2 36
2 37
2 38
2 39
2 50
2 63
3 9
3 11
3 12
3 16
3 17
3 28
3 29
3 32
3 33
3 34
3 51
3 56
3 62
4 7
4 8
4 16
4 44
4 63
5 9
5 10
5 23
5 27
5 35
5 37
5 50
5 60
6 15
6 18
6 28
6 30
6 38
6 49
6 54
6 55
6 62
7 11
7 14
7 21
7 23
7 30
7 34
7 40
7 43
7 58
8 13
9 14
9 15
9 21
9 41
9 50
10 25
10 29
10 39
10 49
10 50
10 52
11 36
11 37
11 41
11 53
11 57
11 61
12 31
12 50
12 60
13 18
13 20
13 49
13 52
13 55
13 59
13 60
14 15
14 34
14 58
15 39
15 55
15 57
15 59
16 19
16 32
16 49
17 24
17 25
17 37
17 40
17 51
17 58
17 61
18 21
18 29
18 30
18 33
18 39
18 48
18 49
19 22
19 25
19 40
19 41
19 53
19 55
19 56
20 22
20 37
20 38
20 48
20 52
20 58
20 59
20 60
21 28
21 38
21 44
21 48
21 57
21 59
21 63
22 23
22 28
22 34
22 42
22 49
22 55
22 58
22 62
23 39
23 41
23 49
23 51
24 31
24 38
24 45
24 49
25 37
25 56
26 44
26 51
26 56
27 34
27 36
27 39
27 40
27 50
27 54
28 35
28 38
28 42
28 45
28 47
28 56
29 48
29 60
30 32
30 40
30 46
30 49
30 52
30 61
31 36
31 48
31 53
31 60
32 43
32 63
33 35
33 46
33 51
34 48
34 49
34 52
35 53
35 54
35 56
36 38
36 39
37 43
37 52
37 53
38 40
38 45
40 52
40 58
41 50
41 57
42 54
42 59
43 47
43 50
43 52
43 59
43 62
43 63
44 49
45 59
46 47
47 56
47 62
48 58
50 51
50 58
51 60
52 58
52 60
54 55
54 57
55 61
57 58
59 63
