64 198
0 43
0 47
0 56
1 6
1 34
1 35
1 41
1 43
1 46
1 53
1 58
1 63
2 16
2 19
2 25
2 39
3 5
3 9
3 15
3 22
3 31
3 51
3 53
3 58
4 5
4 9
4 13
4 18
4 21
4 22
4 23
4 33
4 44
4 52
5 8
5 12
5 18
5 19
5 26
5 46
6 8
6 9
6 13
6 16
6 18
6 22
6 23
6 38
6 48
6 51
6 57
6 59
7 29
7 39
7 54
8 28
8 31
8 35
8 41
8 43
8 51
9 13
9 18
9 22
9 47
9 48
9 55
9 57
9 58
10 26
10 47
10 56
10 57
10 58
11 30
11 37
11 46
11 63
12 14
12 19
12 21
12 32
12 36
12 44
12 50
12 63
13 16
13 19
13 27
13 37
13 57
13 61
14 34
14 43
14 46
14 51
14 62
16 18
16 46
16 62
16 63
17 19
17 23
18 28
18 52
18 54
18 63
19 40
19 54
20 31
20 33
20 35
20 44
20 46
20 50
20 60
21 27
21 28
22 50
22 53
22 54
22 63
23 35
23 54
24 27
24 52
25 28
25 32
25 34
25 39
25 41
27 42
27 48
27 57
28 33
28 34
28 49
29 42
29 49
29 61
29 62
30 31
30 34
30 43
30 49
30 62
31 48
32 36
32 38
32 40
32 48
32 58
33 49
33 55
33 58
34 50
35 50
35 56
36 53
36 62
37 38
37 48
37 51
37 57
37 58
37 60
38 39
38 46
38 52
38 58
38 62
40 50
40 55
41 51
41 52
41 54
42 53
43 58
43 60
43 61
43 63
45 61
47 50
47 52
47 58
48 50
48 55
49 57
50 58
52 57
52 60
54 57
54 62
56 59
56 60
58 59
58 63
62 63
