64 196
0 16
0 17
0 24
0 28
0 39
0 47
0 61
1 15
1 19
1 35
2 23
2 26
2 47
2 51
3 9
3 29
3 46
3 48
3 57
4 13
4 26
4 28
4 30
4 39
4 49
4 50
4 52
4 55
5 44
5 60
5 63
6 33
6 37
7 11
7 29
7 37
7 38
7 44
7 47
7 55
7 58
8 13
8 24
8 31
8 48
8 57
9 13
9 18
9 19
9 27
9 40
9 45
9 49
9 62
10 52
10 56
11 32
11 39
11 41
11 43
11 45
12 18
12 42
12 50
13 17
13 23
13 27
13 30
13 42
13 49
13 54
13 55
13 57
14 16
15 25
15 42
15 50
15 52
15 55
15 60
16 19
16 21
16 26
16 29
16 46
16 55
17 19
17 25
17 27
17 34
17 36
17 37
17 41
17 42
18 33
18 51
18 54
18 61
19 24
19 33
19 51
20 26
20 35
20 48
21 24
21 25
21 27
21 35
21 49
21 53
21 58
21 61
22 25
22 27
22 39
22 51
23 31
23 36
23 37
23 40
23 44
23 56
24 45
24 54
24 63
25 27
26 39
26 40
26 43
26 51
26 52
26 58
27 30
27 37
27 50
27 51
28 59
28 63
29 34
29 37
29 46
29 53
29 61
30 39
30 47
30 48
30 52
30 57
30 59
30 62
31 37
31 46
31 47
31 49
31 58
31 62
32 33
32 36
32 37
32 41
32 43
32 45
32 50
32 59
33 37
33 57
33 62
34 60
35 61
36 44
36 45
37 45
39 51
39 56
40 43
40 57
40 61
41 43
41 51
41 58
42 48
44 62
45 46
45 61
46 59
47 56
47 57
48 59
49 53
49 54
50 53
51 54
52 61
52 62
53 56
53 57
