64 194
0 8
0 19
0 40
0 45
1 19
1 21
1 23
1 35
1 40
1 48
1 61
2 15
2 31
2 34
2 53
2 54
2 58
3 13
3 17
3 26
3 45
3 61
4 16
4 21
4 24
4 26
4 41
4 42
4 57
4 58
5 16
5 18
5 20
5 28
5 29
5 32
5 35
5 49
5 52
5 59
6 19
6 42
6 45
7 10
7 13
7 19
7 30
7 34
7 35
7 41
7 43
7 44
7 53
9 17
9 22
9 51
9 60
9 62
10 14
10 33
10 38
10 55
10 58
10 60
11 12
11 14
11 30
11 39
11 48
11 62
11 63
12 23
12 54
12 63
13 14
13 28
13 33
13 34
14 58
15 16
15 21
15 23
15 26
15 57
16 31
16 32
16 55
17 24
17 30
17 44
17 51
17 56
17 59
18 26
18 33
18 39
18 51
18 58
18 63
19 20
19 27
19 30
19 40
19 41
19 62
20 23
20 28
20 49
20 55
21 45
21 49
21 61
21 63
22 44
23 24
23 29
23 52
23 58
23 61
24 31
24 35
25 36
25 42
25 45
26 30
26 58
26 62
27 28
27 35
27 49
27 51
27 56
28 58
28 59
28 63
29 31
29 35
29 46
29 60
30 33
30 34
30 39
30 53
31 39
31 54
31 59
32 38
34 52
34 59
34 61
35 44
35 48
35 61
36 56
36 61
37 39
37 40
37 47
37 54
38 42
38 44
38 54
39 43
39 51
39 56
39 61
40 46
40 56
41 55
41 63
43 57
43 58
43 59
44 47
44 56
44 60
45 62
46 51
47 59
47 61
48 52
49 58
51 52
51 57
51 60
53 54
53 63
54 60
54 61
55 58
56 62
57 63
60 62
62 63
