64 210
0 9
0 11
0 15
0 20
0 24
0 39
0 44
0 52
0 55
1 9
1 13
1 43
1 46
1 50
2 7
2 8
2 24
2 31
2 47
2 55
3 11
3 16
3 20
3 22
3 27
3 35
3 42
4 7
4 22
4 24
4 27
4 30
4 52
4 56
4 59
5 10
5 11
5 20
5 41
5 43
5 46
5 52
6 13
6 30
6 31
6 38
6 50
6 56
6 61
7 12
7 13
7 23
7 26
7 34
7 36
7 57
8 20
8 23
8 27
8 34
8 43
9 19
9 36
9 42
9 43
10 30
10 31
10 35
10 44
10 45
11 12
11 19
11 24
11 36
11 44
11 52
11 62
12 30
12 38
12 40
12 44
12 56
12 57
13 15
13 29
13 37
13 46
13 47
14 22
14 37
15 20
15 31
15 42
15 54
15 62
16 24
16 31
16 48
16 57
17 27
17 31
17 39
18 37
18 42
18 52
18 54
18 59
18 62
19 25
19 28
19 31
19 33
19 36
19 42
19 46
19 55
20 22
20 24
20 26
20 41
20 46
20 51
20 62
21 47
21 48
21 60
22 37
22 45
22 58
23 36
23 47
23 49
23 51
24 38
24 56
25 59
25 62
26 27
26 28
26 30
26 49
26 51
26 55
27 37
27 52
27 57
27 60
28 40
28 42
28 56
29 38
29 53
29 63
30 31
30 49
30 52
31 56
31 61
32 41
32 52
33 36
33 44
33 45
33 51
33 62
34 40
34 42
35 37
35 38
35 43
35 45
35 47
35 50
36 51
37 40
37 43
37 44
37 53
38 43
38 49
38 52
38 62
39 49
39 55
39 60
40 49
40 51
40 53
40 63
42 54
42 57
43 46
43 56
44 54
44 56
45 48
45 57
46 50
47 49
48 50
48 62
50 63
52 56
52 61
53 55
53 60
55 58
56 58
58 60
59 61
