64 216
0 5
0 7
0 19
0 22
0 27
0 38
0 46
0 55
0 63
1 12
1 28
1 40
1 51
2 3
2 7
2 11
2 19
2 20
2 31
2 36
2 37
2 39
2 44
2 51
2 54
2 58
3 10
3 17
3 25
3 42
3 44
3 57
4 13
4 18
4 27
4 31
4 50
5 14
5 20
5 29
5 34
5 48
5 63
6 8
6 24
6 27
6 38
6 42
6 45
6 47
6 50
6 54
7 28
7 34
7 42
7 46
7 58
7 60
8 20
8 23
8 37
8 39
8 40
8 43
8 58
9 18
9 37
9 42
9 56
10 14
10 16
11 12
11 18
11 24
11 33
11 42
11 50
11 52
11 61
12 21
12 22
12 26
12 27
12 45
12 61
13 15
13 18
13 24
13 28
13 38
13 51
13 58
14 26
14 34
14 43
14 45
14 55
14 57
15 19
15 26
15 29
15 32
15 36
15 37
15 45
15 52
15 62
16 19
16 23
16 52
16 62
17 32
17 33
17 38
17 41
17 45
18 32
18 34
18 42
18 51
18 52
19 26
19 34
19 35
19 44
20 29
20 35
20 47
20 54
21 27
21 31
21 47
21 57
22 32
22 34
22 37
22 48
22 49
22 51
22 60
22 61
23 28
23 32
23 46
23 63
25 26
25 33
26 28
26 29
26 42
26 57
26 61
27 44
27 51
28 44
28 45
29 31
29 38
30 38
30 47
31 37
31 45
31 50
32 45
33 43
33 44
33 58
33 62
33 63
34 56
35 52
35 58
35 59
36 38
36 59
36 62
37 49
37 51
37 58
37 60
38 40
38 41
38 52
38 56
39 41
39 45
39 55
39 60
40 44
40 48
40 49
40 53
40 56
41 43
41 59
41 61
42 49
42 55
42 56
43 51
44 48
44 54
44 60
44 62
45 54
45 57
46 53
47 54
48 55
48 58
51 61
52 63
53 54
53 62
56 61
57 61
