64 212
0 13
0 25
0 30
0 34
0 36
0 53
0 59
1 9
1 17
1 28
1 35
1 40
1 41
1 44
2 32
2 34
2 46
2 48
3 13
3 31
3 37
3 41
3 53
4 14
4 24
4 39
4 53
4 60
5 9
5 31
5 49
5 60
6 9
6 11
6 18
6 24
6 28
6 35
6 54
7 13
7 16
7 21
7 39
7 43
7 44
7 59
8 27
8 28
8 32
8 37
8 40
8 52
9 15
9 20
9 32
9 42
9 43
9 48
9 50
9 56
9 57
9 60
10 32
10 36
10 43
10 49
10 57
10 59
10 60
10 63
11 14
11 21
11 29
11 41
11 47
11 51
12 17
12 18
12 23
12 30
12 35
12 43
12 46
12 63
13 20
13 29
13 31
13 44
13 50
13 58
14 27
14 33
14 34
14 46
14 47
15 45
16 17
16 43
16 47
16 48
17 20
17 38
17 45
17 54
17 58
18 32
18 34
18 39
18 42
18 50
18 56
18 61
19 20
19 37
19 38
19 43
19 47
20 60
21 24
21 55
21 59
21 62
22 34
22 47
23 36
23 48
23 52
23 63
24 27
24 42
24 46
24 50
24 56
25 26
25 27
25 40
25 49
25 50
25 55
25 61
26 35
26 36
26 46
26 52
27 33
27 52
27 58
28 31
28 40
28 51
28 54
29 30
29 31
29 37
30 31
30 32
30 34
30 37
30 38
30 41
30 46
30 58
30 60
31 32
31 33
31 34
31 38
31 46
31 58
31 60
32 61
33 36
33 45
33 59
34 38
34 41
34 44
34 48
34 52
35 40
35 62
36 47
36 52
36 63
37 45
38 41
38 47
39 58
40 44
40 53
40 57
41 47
42 49
43 45
43 60
44 58
45 47
45 50
45 55
46 49
47 50
47 55
47 63
48 51
48 53
48 61
49 60
50 56
51 54
51 57
52 62
53 62
