64 203
0 29
0 30
0 35
0 47
0 53
0 55
0 61
1 3
1 18
1 27
1 32
1 33
1 40
1 48
1 55
2 4
2 14
2 32
2 34
2 44
2 57
3 20
3 46
3 48
3 57
4 19
4 23
4 29
4 62
5 6
5 15
5 22
5 27
5 62
6 17
6 48
6 56
7 13
7 17
7 18
7 27
7 40
7 43
7 44
8 14
8 27
8 35
8 38
8 39
8 43
8 58
8 61
9 28
9 29
9 59
10 14
10 46
10 53
10 55
10 57
11 12
11 15
11 38
11 43
11 47
12 23
12 24
12 42
12 45
12 47
12 51
12 52
13 23
13 29
13 37
13 41
13 55
13 60
14 19
14 20
14 30
14 36
14 40
14 62
15 24
15 25
15 53
15 60
16 31
16 47
16 62
17 20
17 27
17 36
17 41
17 51
17 59
17 63
18 21
18 28
18 29
18 41
18 59
19 28
19 29
19 36
19 37
19 41
19 59
19 60
20 23
20 25
20 35
20 50
21 24
21 41
21 54
22 27
22 31
22 50
22 63
23 27
23 47
23 48
23 62
24 39
24 42
24 47
25 40
25 54
25 62
26 31
26 56
26 58
26 62
27 31
27 41
28 31
28 38
28 42
28 47
29 35
29 41
29 42
29 58
29 62
30 33
30 41
30 58
31 36
31 41
31 55
31 61
31 63
32 42
32 45
33 37
33 41
33 44
33 46
33 49
33 52
33 53
34 41
34 48
36 49
36 53
37 40
37 54
38 41
38 48
38 56
38 60
39 43
39 48
39 50
39 56
39 61
40 51
40 54
41 44
41 56
42 48
42 50
42 62
44 58
45 55
46 63
47 53
47 60
47 62
48 49
49 56
50 55
50 62
51 52
51 62
52 53
52 55
52 58
53 57
55 63
57 63
