64 206
0 4
0 10
0 30
0 42
0 54
1 59
1 63
2 18
2 26
2 33
2 52
2 60
3 9
3 20
3 27
3 57
4 32
4 37
4 41
4 49
4 51
4 56
4 59
4 62
5 8
5 15
5 26
5 41
5 50
6 26
6 27
6 31
6 41
7 8
7 11
7 12
7 15
7 32
7 37
7 53
7 62
8 17
8 33
8 42
8 55
8 62
9 25
9 31
9 32
9 40
9 53
9 59
10 17
10 19
10 28
10 31
10 34
10 35
10 40
10 44
10 48
10 63
11 22
11 29
11 35
11 36
11 37
11 48
11 51
11 57
12 22
12 32
12 33
12 54
13 24
13 46
14 17
14 22
14 33
14 39
14 41
14 49
15 32
15 38
15 42
15 51
16 21
16 35
16 44
16 46
16 50
16 53
16 56
16 58
16 63
17 18
17 23
17 30
17 38
17 43
17 53
17 60
18 25
18 34
18 35
18 38
19 36
19 43
19 48
19 53
19 56
20 31
20 37
21 23
21 25
21 35
21 38
21 39
21 44
21 53
22 32
22 46
22 49
22 56
22 57
22 60
23 33
23 45
23 53
24 26
24 29
24 30
24 31
24 57
25 30
25 44
25 50
25 56
25 63
26 35
26 37
26 49
26 61
27 42
27 57
27 61
27 63
28 30
28 39
28 42
28 45
28 48
28 61
28 62
29 61
29 62
30 43
30 47
30 50
30 52
30 55
30 63
31 52
31 60
32 42
32 61
32 63
33 36
33 40
33 41
33 47
34 37
34 39
34 51
34 55
35 42
35 47
35 57
36 50
36 56
37 46
37 63
38 45
38 56
39 46
39 51
40 59
40 60
41 49
41 51
41 57
42 52
43 44
47 56
47 62
48 57
48 59
49 61
50 56
50 63
51 58
52 54
53 54
55 59
55 60
58 61
